train-0677.jpg 918.081 1 -0.000127107 -8.85972e-05 -2.44065e-05 -0.195726 2.03459 -4.28021 -0.0398716 0
train-0764.jpg 923.036 0.986282 0.0356212 0.15719 0.0356321 0.893609 1.67736 -1.07352 -0.00193327 0
train-0762.jpg 920.721 0.98792 0.0340673 0.147265 0.0341661 0.767508 1.69645 -1.17367 -0.00698326 0
train-0763.jpg 920.514 0.987097 0.0350749 0.152287 0.0348903 0.828024 1.6855 -1.11675 -0.0058106 0
train-0765.jpg 919.983 0.985478 0.0365536 0.16182 0.0362158 0.950886 1.66605 -1.00737 -0.00549751 0
train-0766.jpg 918.162 0.984623 0.0376289 0.166645 0.0364942 1.00649 1.65393 -0.940525 -0.00972229 0
train-0767.jpg 920.457 0.983779 0.0385223 0.17118 0.0373014 1.06369 1.64202 -0.885079 -0.0071413 0
train-0768.jpg 920.153 0.98292 0.0395176 0.175718 0.0378146 1.12044 1.62745 -0.820583 -0.00534402 0
train-0769.jpg 917.851 0.982107 0.0405142 0.179918 0.0381273 1.1748 1.61374 -0.759089 -0.00946595 0
train-0770.jpg 921.756 0.98128 0.0413231 0.184109 0.0385579 1.23294 1.60269 -0.717139 -0.00660552 0
train-0771.jpg 922.222 0.980468 0.0421002 0.188126 0.0389618 1.28747 1.5926 -0.669206 -0.00638619 0
train-0772.jpg 922.437 0.979716 0.0431238 0.191734 0.0391833 1.33972 1.58153 -0.621686 -0.00526077 0
train-0761.jpg 919.877 0.988703 0.0335714 0.142188 0.0334916 0.656567 1.71436 -1.28082 -0.0059594 0
train-0760.jpg 917.265 0.9895 0.0324434 0.13703 0.0325544 0.601439 1.72577 -1.33173 -0.0165684 0
train-0759.jpg 915.032 0.990228 0.0318851 0.132081 0.0314117 0.556222 1.73037 -1.39148 -0.0228535 0
train-0758.jpg 915.673 0.991005 0.0307241 0.126552 0.0308296 0.509685 1.7387 -1.45993 -0.0202186 0
train-0757.jpg 916.347 0.99171 0.0298798 0.121353 0.0298606 0.469016 1.74178 -1.53202 -0.0187641 0
train-0756.jpg 913.953 0.992408 0.0290431 0.11593 0.0290233 0.427761 1.74562 -1.59838 -0.0248807 0
train-0755.jpg 913.954 0.993071 0.0281042 0.110527 0.0283673 0.38946 1.74956 -1.67594 -0.0286699 0
train-0754.jpg 912.559 0.993688 0.0274141 0.10522 0.0275895 0.350155 1.7511 -1.74383 -0.0323638 0
train-0753.jpg 910.539 0.994308 0.0265772 0.0996463 0.0267594 0.311189 1.75444 -1.81859 -0.0344531 0
train-0752.jpg 911.184 0.994884 0.0255322 0.0941458 0.0262643 0.274951 1.76215 -1.90792 -0.0348594 0
train-0751.jpg 910.543 0.995423 0.0246755 0.088772 0.0253824 0.236684 1.76946 -1.98205 -0.0359603 0
train-0750.jpg 908.399 0.99596 0.0239765 0.0829901 0.0245159 0.193193 1.77601 -2.04944 -0.0384371 0
train-0749.jpg 910.846 0.996452 0.0227788 0.0775192 0.0235845 0.160957 1.78561 -2.15245 -0.0349364 0
train-0748.jpg 911.974 0.996924 0.0219234 0.0717048 0.0228098 0.121556 1.79687 -2.23706 -0.0314209 0
train-0747.jpg 910.188 0.997358 0.0207421 0.0661403 0.0217324 0.0823005 1.81161 -2.30938 -0.0365614 0
train-0746.jpg 914.255 0.997759 0.0195303 0.0605381 0.020748 0.0476469 1.82474 -2.41543 -0.0327628 0
train-0745.jpg 910.901 0.998138 0.0184513 0.0547097 0.0196828 0.00707955 1.83807 -2.48005 -0.0396991 0
train-0744.jpg 912.635 0.998478 0.0171482 0.048949 0.0187392 -0.0281972 1.85204 -2.57286 -0.0359274 0
train-0743.jpg 914.063 0.998775 0.0162084 0.0432537 0.0177531 -0.0638705 1.86207 -2.65641 -0.0335069 0
train-0742.jpg 913.555 0.999032 0.015028 0.037853 0.0165996 -0.100374 1.87362 -2.72506 -0.0373022 0
train-0741.jpg 912.588 0.999252 0.0137911 0.0326182 0.0155121 -0.131662 1.88138 -2.81251 -0.0403045 0
train-0740.jpg 913.003 0.999452 0.0126212 0.0270316 0.0143661 -0.166873 1.88975 -2.90496 -0.0373525 0
train-0739.jpg 913.169 0.999607 0.0115332 0.0218102 0.0133335 -0.200173 1.89943 -2.99504 -0.037503 0
train-0643.jpg 923.371 0.998391 0.0250573 0.0497949 0.0103916 0.461821 1.73481 -3.13965 -0.0453508 0
train-0644.jpg 922.381 0.9985 0.0238889 0.0482167 0.0101087 0.433503 1.74795 -3.18783 -0.0456296 0
train-0640.jpg 920.644 0.997997 0.0285382 0.0553523 0.0111045 0.541881 1.70258 -2.97105 -0.0428 0
train-0642.jpg 922.582 0.998263 0.0262241 0.0517026 0.010511 0.490567 1.72489 -3.0807 -0.0444015 0
train-0639.jpg 921.055 0.997849 0.0295288 0.0574386 0.0112641 0.570359 1.69497 -2.92442 -0.044654 0
train-0641.jpg 920.911 0.998137 0.0271887 0.0535541 0.0107783 0.517249 1.71501 -3.02481 -0.0439678 0
train-0645.jpg 922.296 0.998607 0.0228175 0.0465468 0.00981348 0.40339 1.76498 -3.23781 -0.0449673 0
train-0646.jpg 924.069 0.998703 0.0218986 0.0449371 0.00967999 0.377316 1.77616 -3.30869 -0.0433464 0
train-0638.jpg 919.316 0.997685 0.0309118 0.0594536 0.0115631 0.597526 1.68212 -2.87025 -0.0466512 0
train-0636.jpg 921.846 0.99736 0.0336703 0.063174 0.0121839 0.647972 1.66326 -2.78934 -0.0459982 0
train-0637.jpg 920.909 0.997523 0.0322315 0.0613818 0.0118831 0.625905 1.67296 -2.83235 -0.045753 0
train-0635.jpg 920.103 0.997169 0.0350882 0.0654013 0.0120819 0.671824 1.652 -2.73344 -0.0464464 0
train-0634.jpg 919.184 0.996974 0.0365147 0.0675045 0.0123605 0.694751 1.63653 -2.69905 -0.0491806 0
train-0633.jpg 917.784 0.996772 0.0382627 0.0694513 0.0125712 0.714525 1.61988 -2.66576 -0.0517569 0
train-0632.jpg 917.914 0.996554 0.0397122 0.0716984 0.0127816 0.7377 1.60347 -2.63877 -0.0523905 0
train-0647.jpg 923.114 0.99881 0.0206143 0.0431858 0.00940936 0.347615 1.79475 -3.36377 -0.0420754 0
train-0631.jpg 915.483 0.996332 0.0412129 0.0738122 0.0132636 0.758719 1.58518 -2.6055 -0.0560087 0
train-0649.jpg 922.582 0.998971 0.018769 0.0402528 0.00921456 0.291409 1.8256 -3.48049 -0.0423125 0
train-0648.jpg 923.32 0.998894 0.0196953 0.0416905 0.00925944 0.319844 1.81164 -3.42513 -0.0446237 0
train-0630.jpg 914.465 0.996093 0.0429537 0.0759016 0.0138576 0.781496 1.56653 -2.5779 -0.0585769 0
train-0629.jpg 915.439 0.995867 0.0444473 0.0779245 0.0142153 0.801695 1.55164 -2.54421 -0.058124 0
train-0628.jpg 915.835 0.995616 0.0462478 0.0799843 0.0145449 0.817499 1.53083 -2.50291 -0.0576416 0
train-0627.jpg 916.994 0.995333 0.0481232 0.082325 0.0147756 0.835244 1.50697 -2.46404 -0.0584181 0
train-0626.jpg 914.538 0.99508 0.0498155 0.0843023 0.0150959 0.845451 1.48822 -2.409 -0.0583635 0
train-0625.jpg 916.194 0.994797 0.0515949 0.0865051 0.0153155 0.860519 1.46294 -2.36967 -0.0556997 0
train-0624.jpg 914.881 0.994474 0.0536756 0.088827 0.0158085 0.872869 1.4341 -2.31905 -0.0590386 0
train-0623.jpg 914.225 0.994174 0.0555585 0.0909378 0.0161683 0.883164 1.40695 -2.27256 -0.0578372 0
train-0622.jpg 914.727 0.993833 0.0577593 0.0932038 0.0165136 0.893981 1.37488 -2.22544 -0.0571749 0
train-0650.jpg 922.018 0.999056 0.0176881 0.0386367 0.00897179 0.259711 1.83963 -3.54661 -0.0459209 0
train-0652.jpg 921.441 0.999177 0.0161844 0.0361953 0.00860137 0.209394 1.86545 -3.6494 -0.0442689 0
train-0651.jpg 921.78 0.999115 0.0169329 0.0374975 0.00871082 0.235122 1.85364 -3.60095 -0.0492726 0
train-0653.jpg 920.495 0.999242 0.0151607 0.0348737 0.00835622 0.184813 1.87701 -3.69885 -0.0438678 0
train-0654.jpg 922.019 0.999304 0.0141763 0.0335274 0.00819532 0.162657 1.89174 -3.7667 -0.0461725 0
train-0656.jpg 919.192 0.999409 0.0125694 0.0310849 0.00757211 0.120707 1.912 -3.84561 -0.0456317 0
train-0655.jpg 920.434 0.999355 0.0134343 0.0323503 0.00791368 0.140959 1.90234 -3.80963 -0.045373 0
train-0657.jpg 919.994 0.999464 0.011625 0.0297747 0.00706702 0.10093 1.92681 -3.89605 -0.0456019 0
train-0658.jpg 920.98 0.999508 0.0111262 0.0285196 0.00686228 0.0844484 1.93363 -3.93669 -0.0436692 0
train-0659.jpg 919.755 0.999557 0.0104189 0.0271121 0.00656027 0.0647515 1.93944 -3.97068 -0.0420844 0
train-0738.jpg 911.962 0.999732 0.0106712 0.0165184 0.0121883 -0.236863 1.90851 -3.07836 -0.0426773 0
train-0737.jpg 911.5 0.999829 0.00962719 0.0112018 0.0111339 -0.274205 1.9159 -3.16421 -0.0442781 0
train-0621.jpg 914.933 0.993486 0.0599038 0.0954744 0.01677 0.903229 1.345 -2.17373 -0.0555896 0
train-0736.jpg 911.445 0.999896 0.008514 0.0061836 0.00991246 -0.308488 1.92463 -3.2452 -0.0451757 0
train-0620.jpg 915.016 0.993128 0.0621042 0.0976803 0.0173005 0.910611 1.3186 -2.12152 -0.0527194 0
train-0619.jpg 914.095 0.992771 0.0642511 0.0998335 0.0176555 0.913265 1.29586 -2.065 -0.0516589 0
train-0618.jpg 913.337 0.992349 0.0668783 0.102172 0.0181891 0.918191 1.27301 -2.01101 -0.0542184 0
train-0617.jpg 912.653 0.992005 0.0687668 0.104145 0.0187217 0.920198 1.26165 -1.95704 -0.0529572 0
train-0616.jpg 911.717 0.991573 0.0711822 0.106533 0.0191345 0.927155 1.2492 -1.89983 -0.0524752 0
train-0615.jpg 910.899 0.991161 0.0735452 0.10868 0.0194683 0.93255 1.24374 -1.83872 -0.0516927 0
train-0614.jpg 909.726 0.990738 0.0758958 0.110843 0.019792 0.944044 1.24343 -1.77912 -0.0531391 0
train-0613.jpg 909.972 0.99032 0.0779767 0.113037 0.0202302 0.959672 1.24632 -1.72679 -0.0514395 0
train-0735.jpg 913.847 0.999934 0.00730535 0.00108009 0.00881394 -0.344415 1.93615 -3.34229 -0.0444135 0
train-0734.jpg 913.525 0.999943 0.00628166 -0.00396789 0.00765157 -0.38011 1.94825 -3.41931 -0.0467217 0
train-0668.jpg 921.538 0.999863 0.00404058 0.0156766 0.00340188 -0.0745026 2.00744 -4.23006 -0.0418989 0
train-0664.jpg 920.567 0.999755 0.00650542 0.0206482 0.00471121 -0.0140787 1.98118 -4.13998 -0.0418695 0
train-0665.jpg 920.835 0.999784 0.00613371 0.0193376 0.00442974 -0.0308254 1.98234 -4.1627 -0.0394021 0
train-0667.jpg 921.693 0.999838 0.00474712 0.0169646 0.00378635 -0.0595121 1.99883 -4.20476 -0.0392397 0
train-0666.jpg 920.701 0.99981 0.00547788 0.0182481 0.00407423 -0.0447408 1.98859 -4.17836 -0.0393416 0
train-0669.jpg 918.785 0.999886 0.00368533 0.0143192 0.00310822 -0.0904925 2.01073 -4.22845 -0.0437045 0
train-0663.jpg 920.006 0.99972 0.00725824 0.0219131 0.00512151 0.000855862 1.96819 -4.11591 -0.0398486 0
train-0662.jpg 920.734 0.999681 0.00807619 0.0232967 0.00555092 0.019345 1.95739 -4.08546 -0.0375733 0
train-0661.jpg 920.525 0.999642 0.00876655 0.024577 0.00592521 0.0336536 1.95437 -4.0525 -0.0411814 0
train-0660.jpg 920.969 0.9996 0.00954203 0.0258788 0.00623552 0.0491891 1.94627 -4.01961 -0.0406187 0
train-0670.jpg 919.186 0.999906 0.00319448 0.0130403 0.00262793 -0.103527 2.01639 -4.23965 -0.0422078 0
train-0673.jpg 917.156 0.999964 0.00168087 0.00811569 0.00166457 -0.149546 2.02965 -4.2533 -0.0393786 0
train-0671.jpg 919.602 0.99993 0.00255959 0.011285 0.00237739 -0.123733 2.02392 -4.25783 -0.0424988 0
train-0675.jpg 916.586 0.99999 0.000963231 0.00418982 0.000797343 -0.174842 2.03014 -4.26051 -0.0408907 0
train-0733.jpg 913.335 0.999925 0.00535463 -0.00885158 0.00652883 -0.413447 1.96158 -3.48561 -0.0450509 0
train-0672.jpg 917.096 0.999948 0.00218909 0.00975293 0.00200095 -0.136583 2.02633 -4.25042 -0.0419011 0
train-0674.jpg 918.031 0.999979 0.00117665 0.0062169 0.00117483 -0.162608 2.03348 -4.26598 -0.0390785 0
train-0676.jpg 917.882 0.999998 0.000295756 0.00212337 0.000306903 -0.184326 2.03369 -4.26811 -0.0379464 0
train-0682.jpg 919.735 0.999929 -0.00225802 -0.0115046 -0.00234215 -0.242577 2.0287 -4.36233 -0.036746 0
train-0679.jpg 917.352 0.999989 -0.00105283 -0.00449574 -0.00089732 -0.214863 2.0316 -4.29779 -0.0381861 0
train-0678.jpg 918.786 0.999997 -0.000554284 -0.00240572 -0.000451681 -0.208527 2.03319 -4.30234 -0.0392624 0
train-0680.jpg 919.358 0.999974 -0.00165801 -0.00680553 -0.00139512 -0.224033 2.03416 -4.32278 -0.0356829 0
train-0681.jpg 919.811 0.999954 -0.00203085 -0.00918969 -0.00183907 -0.233489 2.03265 -4.34332 -0.0355036 0
train-0732.jpg 914.799 0.999882 0.00422568 -0.0138148 0.0052751 -0.447612 1.97696 -3.56086 -0.0443693 0
train-0731.jpg 915.113 0.99981 0.00320486 -0.0187579 0.00417075 -0.480532 1.98917 -3.62928 -0.0454957 0
train-0730.jpg 914.273 0.999713 0.00256176 -0.0236314 0.00305302 -0.511431 1.99527 -3.68831 -0.0517601 0
train-0683.jpg 918.924 0.999895 -0.00278269 -0.013912 -0.00284133 -0.251486 2.02959 -4.37169 -0.036467 0
train-0684.jpg 919.184 0.999855 -0.00315289 -0.0164273 -0.00329333 -0.263762 2.03001 -4.39999 -0.0358308 0
train-0729.jpg 916.908 0.999602 0.00135716 -0.0281378 0.00176722 -0.540255 2.01223 -3.76163 -0.0453301 0
train-0685.jpg 920.467 0.999808 -0.0035752 -0.0189082 -0.00380665 -0.27859 2.0316 -4.42888 -0.0341041 0
train-0728.jpg 916.609 0.999461 0.000521904 -0.0328278 0.000554061 -0.569232 2.02473 -3.81719 -0.0477499 0
train-0686.jpg 919.635 0.999756 -0.00393934 -0.0213254 -0.00421984 -0.294074 2.03362 -4.44336 -0.0341543 0
train-0687.jpg 922.304 0.999697 -0.00446457 -0.0237599 -0.00468823 -0.313913 2.0391 -4.47598 -0.0319669 0
train-0689.jpg 922.313 0.999556 -0.00494947 -0.0288319 -0.0056536 -0.35923 2.04584 -4.50507 -0.0373704 0
train-0688.jpg 921.688 0.999633 -0.00487784 -0.026145 -0.00520113 -0.333846 2.04632 -4.47785 -0.0346405 0
train-0727.jpg 916.294 0.999307 -0.000446406 -0.0372245 -0.000760074 -0.59354 2.03443 -3.87882 -0.0517278 0
train-0726.jpg 916.855 0.999122 -0.00114189 -0.0418303 -0.00193025 -0.622004 2.04291 -3.93758 -0.0535956 0
train-0725.jpg 916.936 0.998926 -0.00192874 -0.0462006 -0.00308577 -0.645871 2.0572 -3.98998 -0.0567552 0
train-0612.jpg 909.615 0.989854 0.0801821 0.115445 0.0207724 0.975337 1.24916 -1.67138 -0.050158 0
train-0611.jpg 910.511 0.989219 0.0837661 0.118091 0.0219716 0.992475 1.25732 -1.61993 -0.0490533 0
train-0610.jpg 908.949 0.988577 0.0876414 0.120429 0.0230599 1.00359 1.2668 -1.55711 -0.0543609 0
train-0724.jpg 916.636 0.99873 -0.00281629 -0.0501137 -0.00441025 -0.662013 2.06917 -4.03379 -0.0603353 0
train-0723.jpg 917.497 0.998509 -0.00353504 -0.0541922 -0.00548078 -0.681721 2.07461 -4.08496 -0.0599479 0
train-0609.jpg 910.17 0.987964 0.0914889 0.122442 0.0237587 1.01706 1.27798 -1.49682 -0.0537563 0
train-0695.jpg 925.082 0.999019 -0.00697822 -0.0429789 -0.00808205 -0.540527 2.08975 -4.57639 -0.0408194 0
train-0694.jpg 923.554 0.999109 -0.00671251 -0.0409266 -0.00781422 -0.509874 2.08435 -4.55401 -0.0401828 0
train-0696.jpg 924.347 0.998904 -0.00739073 -0.045457 -0.00833517 -0.576817 2.09311 -4.57821 -0.0380708 0
train-0692.jpg 924.624 0.999311 -0.00601328 -0.0359436 -0.00698399 -0.443763 2.06963 -4.55076 -0.0389431 0
train-0693.jpg 924.416 0.999203 -0.00625444 -0.038719 -0.00738548 -0.480598 2.07493 -4.55585 -0.037827 0
train-0691.jpg 921.471 0.9994 -0.00557895 -0.0335729 -0.00649436 -0.413385 2.06021 -4.51827 -0.0406725 0
train-0697.jpg 923.972 0.998804 -0.00782245 -0.0474838 -0.00868316 -0.605393 2.0967 -4.58184 -0.042068 0
train-0698.jpg 924.362 0.998697 -0.00795697 -0.0495887 -0.00909283 -0.636283 2.09821 -4.58256 -0.0433643 0
train-0699.jpg 925.983 0.99857 -0.00851192 -0.0519189 -0.00944982 -0.670363 2.10639 -4.58549 -0.0445795 0
train-0722.jpg 918.976 0.998284 -0.00403307 -0.058039 -0.00664112 -0.701829 2.08149 -4.13613 -0.0603373 0
train-0690.jpg 922.762 0.999478 -0.00530751 -0.0312582 -0.00612495 -0.3868 2.0523 -4.52075 -0.0372454 0
train-0719.jpg 919.827 0.997639 -0.00580942 -0.0677074 -0.00992463 -0.741784 2.09222 -4.24863 -0.0626286 0
train-0718.jpg 920.182 0.997425 -0.00620785 -0.0706035 -0.0109495 -0.751545 2.09672 -4.26711 -0.0605306 0
train-0708.jpg 922.983 0.997478 -0.00951705 -0.0692725 -0.0121904 -0.798839 2.09141 -4.47227 -0.0572973 0
train-0721.jpg 919.135 0.998082 -0.00480803 -0.0612016 -0.00793384 -0.714596 2.09004 -4.17742 -0.0616909 0
train-0700.jpg 925.675 0.998458 -0.00855905 -0.0539821 -0.00972958 -0.698958 2.10578 -4.56731 -0.0488282 0
train-0706.jpg 921.142 0.997732 -0.00940686 -0.0656401 -0.0115596 -0.791818 2.09029 -4.48289 -0.0553932 0
train-0717.jpg 921.078 0.997229 -0.00647546 -0.0731641 -0.0118303 -0.759694 2.09433 -4.29964 -0.0612746 0
train-0709.jpg 922.02 0.99736 -0.00954938 -0.0708809 -0.01258 -0.794436 2.09481 -4.44726 -0.0570798 0
train-0714.jpg 922.16 0.996994 -0.00805669 -0.0759307 -0.0131219 -0.774881 2.09402 -4.36881 -0.0580291 0
train-0716.jpg 919.749 0.997079 -0.00683853 -0.0750167 -0.012613 -0.758984 2.09428 -4.30398 -0.0612585 0
train-0715.jpg 920.467 0.997026 -0.00754646 -0.0755962 -0.0129056 -0.766787 2.095 -4.33287 -0.0606706 0
train-0712.jpg 922.597 0.997038 -0.00895448 -0.0752664 -0.0130761 -0.784549 2.09486 -4.39818 -0.0549667 0
train-0707.jpg 923.131 0.997605 -0.00948785 -0.0674617 -0.0119554 -0.796664 2.09352 -4.48505 -0.0530703 0
train-0711.jpg 920.345 0.997128 -0.00918062 -0.0740457 -0.0129818 -0.785294 2.09341 -4.39674 -0.0572837 0
train-0701.jpg 924.993 0.998336 -0.00860242 -0.0561269 -0.010044 -0.724253 2.10213 -4.55235 -0.0488338 0
train-0710.jpg 919.434 0.997232 -0.00932142 -0.0726379 -0.0128287 -0.789717 2.09349 -4.40521 -0.0584656 0
train-0704.jpg 923.289 0.997967 -0.00926626 -0.0620739 -0.0110585 -0.780058 2.09811 -4.51414 -0.0506033 0
train-0720.jpg 916.749 0.997867 -0.00536481 -0.0644517 -0.00891212 -0.724381 2.09001 -4.19641 -0.0615569 0
train-0713.jpg 922.753 0.996991 -0.008622 -0.0759048 -0.0131722 -0.778984 2.09517 -4.38601 -0.0584547 0
train-0702.jpg 923.218 0.998213 -0.00891885 -0.0581824 -0.0102577 -0.743813 2.09839 -4.53446 -0.0463961 0
train-0703.jpg 924.338 0.998083 -0.00922011 -0.0602447 -0.0108059 -0.766861 2.10212 -4.5375 -0.0547236 0
train-0705.jpg 921.454 0.997845 -0.00929797 -0.0639582 -0.0113666 -0.790749 2.09135 -4.49614 -0.0525523 0
train-0608.jpg 910.64 0.987341 0.0954631 0.124297 0.0243698 1.02575 1.28793 -1.42677 -0.0551589 0
train-0607.jpg 912.394 0.986679 0.0997209 0.126091 0.0249376 1.03311 1.29804 -1.35424 -0.0534087 0
train-0606.jpg 913.996 0.986026 0.103668 0.127884 0.0255194 1.04255 1.31104 -1.28368 -0.0524528 0
train-0773.jpg 921.014 0.979243 0.0438486 0.194017 0.0389635 1.38474 1.57508 -0.567122 -0.00990448 0
train-0774.jpg 921.746 0.978878 0.0446694 0.195619 0.039187 1.42733 1.56694 -0.520957 -0.0109464 0
train-0775.jpg 922.759 0.978543 0.0452061 0.197179 0.0391293 1.47387 1.55797 -0.484354 -0.0128348 0
train-0776.jpg 920.69 0.978226 0.0460383 0.198587 0.0389606 1.50953 1.55014 -0.434031 -0.0173329 0
train-0777.jpg 920.26 0.97801 0.0470108 0.199411 0.0390078 1.54477 1.54094 -0.394655 -0.0207597 0
train-0778.jpg 920.052 0.977757 0.0478183 0.200476 0.0389144 1.57774 1.53444 -0.353549 -0.0205521 0
train-0605.jpg 913.503 0.985298 0.107504 0.130128 0.0263937 1.04959 1.32223 -1.19638 -0.0510008 0
train-0779.jpg 920.409 0.977597 0.0489239 0.201027 0.0387032 1.61261 1.52806 -0.325356 -0.0264306 0
train-0604.jpg 913.87 0.984606 0.110776 0.132317 0.0277707 1.05898 1.33338 -1.12614 -0.0543549 0
train-0603.jpg 916.258 0.983843 0.114433 0.134564 0.029169 1.06675 1.33494 -1.06293 -0.0501059 0
train-0780.jpg 920.303 0.977475 0.0501451 0.201386 0.0383671 1.6426 1.52392 -0.295724 -0.0245054 0
train-0782.jpg 919.683 0.977269 0.0530509 0.201692 0.0380976 1.6915 1.51653 -0.241406 -0.0260409 0
train-0784.jpg 919.463 0.977157 0.0566071 0.201359 0.0375967 1.72911 1.51022 -0.201717 -0.0312648 0
train-0783.jpg 920.121 0.977217 0.0547084 0.20155 0.0378319 1.71184 1.51366 -0.221914 -0.0275735 0
train-0781.jpg 918.2 0.977354 0.0516449 0.20161 0.0382837 1.66784 1.51939 -0.265886 -0.0290022 0
train-0785.jpg 920.702 0.977092 0.0586265 0.201142 0.0373754 1.74301 1.50652 -0.185307 -0.0293752 0
train-0786.jpg 921.091 0.977038 0.060687 0.200881 0.0368762 1.75447 1.50453 -0.173512 -0.0292941 0
train-0788.jpg 923.471 0.976936 0.0655181 0.199998 0.0361103 1.76397 1.50197 -0.159613 -0.0262347 0
train-0787.jpg 922.317 0.977038 0.0628161 0.200288 0.0365582 1.75892 1.50463 -0.164816 -0.0258478 0
train-0789.jpg 922.063 0.976804 0.0688036 0.199664 0.0354173 1.76183 1.50124 -0.146755 -0.0281475 0
train-0790.jpg 922.973 0.976635 0.0725976 0.199295 0.0345608 1.76278 1.50253 -0.14481 -0.0292476 0
train-0793.jpg 924.251 0.97574 0.0892526 0.197328 0.0320341 1.7619 1.50214 -0.1463 -0.0271026 0
train-0792.jpg 923.255 0.976101 0.0828597 0.198182 0.0329502 1.76382 1.50146 -0.144193 -0.0277105 0
train-0791.jpg 924.004 0.976355 0.0772962 0.199018 0.0338811 1.76375 1.50216 -0.142987 -0.026652 0
train-0602.jpg 917.288 0.983064 0.118773 0.136186 0.0305069 1.07078 1.33624 -1.00369 -0.0546989 0
train-0597.jpg 929.897 0.978876 0.141963 0.143086 0.0342821 1.16013 1.1975 -0.818302 -0.0728955 0
train-0595.jpg 928.412 0.977242 0.150761 0.145001 0.0352739 1.22524 1.05329 -0.791738 -0.0876017 0
train-0596.jpg 928.005 0.978051 0.146523 0.14401 0.0347442 1.19295 1.12524 -0.808854 -0.0801255 0
train-0594.jpg 927.239 0.9764 0.155152 0.145993 0.0354395 1.25777 0.972827 -0.773188 -0.0863002 0
train-0593.jpg 927.838 0.975442 0.160028 0.147019 0.0359175 1.30168 0.873386 -0.774626 -0.0923375 0
train-0592.jpg 926.25 0.974512 0.164793 0.14778 0.0364911 1.33587 0.785347 -0.754394 -0.0868501 0
train-0591.jpg 929.82 0.973735 0.168442 0.148761 0.0365723 1.38365 0.68672 -0.770221 -0.0751576 0
train-0590.jpg 927.671 0.972539 0.174716 0.149158 0.0373432 1.41954 0.572333 -0.756168 -0.0829683 0
train-0589.jpg 929.951 0.971467 0.179978 0.149768 0.0378176 1.45743 0.471381 -0.754508 -0.0797319 0
train-0588.jpg 928.535 0.970513 0.184742 0.15006 0.0381646 1.48894 0.379168 -0.745359 -0.0777019 0
train-0587.jpg 926.568 0.969483 0.189627 0.150511 0.0386007 1.52315 0.291168 -0.736866 -0.0728918 0
train-0586.jpg 927.917 0.968391 0.194746 0.150757 0.0395674 1.55417 0.205073 -0.736141 -0.0644807 0
train-0585.jpg 928.971 0.967383 0.19927 0.151004 0.0407349 1.57905 0.131915 -0.738328 -0.0604475 0
train-0584.jpg 930.004 0.96637 0.203887 0.151089 0.0416024 1.59475 0.0697041 -0.733297 -0.0569609 0
train-0583.jpg 930.599 0.965426 0.208514 0.15063 0.0422492 1.60309 0.0150398 -0.727165 -0.0560629 0
train-0582.jpg 931.747 0.964458 0.213093 0.150102 0.0433689 1.60967 -0.0324713 -0.722373 -0.0502664 0
train-0581.jpg 928.076 0.963514 0.217607 0.149504 0.0439979 1.60457 -0.0606759 -0.702826 -0.0535122 0
train-0580.jpg 926.92 0.962606 0.222 0.148802 0.0443118 1.60148 -0.0875339 -0.692714 -0.0494777 0
train-0579.jpg 926.554 0.961706 0.226355 0.147879 0.0449119 1.59361 -0.102779 -0.685956 -0.0464504 0
train-0578.jpg 927.065 0.960781 0.230494 0.1474 0.0452267 1.58979 -0.112631 -0.689971 -0.0471636 0
train-0577.jpg 927.229 0.960081 0.233857 0.146718 0.0450366 1.57515 -0.112504 -0.692387 -0.0446267 0
train-0576.jpg 926.742 0.959245 0.237925 0.145648 0.0450189 1.54865 -0.11821 -0.690396 -0.0417047 0
train-0575.jpg 923.4 0.958582 0.241394 0.144392 0.044723 1.51889 -0.111262 -0.688993 -0.0427751 0
train-0574.jpg 925.585 0.957856 0.244999 0.143231 0.044409 1.49374 -0.123993 -0.715565 -0.0424367 0
train-0573.jpg 924.042 0.957257 0.248287 0.141659 0.0440983 1.45174 -0.13171 -0.72234 -0.0368991 0
train-0572.jpg 917.563 0.95648 0.252446 0.139552 0.0440635 1.40246 -0.141296 -0.718751 -0.0399106 0
train-0571.jpg 919.499 0.955914 0.255976 0.137032 0.0439051 1.36232 -0.163066 -0.752154 -0.035498 0
train-0570.jpg 919.729 0.955552 0.259056 0.133841 0.0435587 1.31555 -0.173993 -0.768797 -0.0312698 0
train-0569.jpg 919.658 0.955495 0.261442 0.129774 0.0428469 1.26721 -0.191189 -0.796748 -0.0319615 0
train-0568.jpg 919.518 0.955386 0.263969 0.125545 0.0423751 1.22157 -0.211217 -0.82467 -0.0333579 0
train-0567.jpg 919.813 0.955748 0.264989 0.120962 0.0411717 1.1707 -0.215132 -0.844458 -0.0294102 0
train-0566.jpg 919.205 0.955782 0.267074 0.116271 0.0404195 1.11731 -0.224817 -0.850117 -0.0278976 0
train-0565.jpg 918.239 0.956252 0.267645 0.111481 0.0390013 1.06678 -0.225119 -0.864221 -0.0305054 0
train-0564.jpg 918.409 0.956722 0.268061 0.106768 0.0377817 1.01601 -0.225294 -0.875149 -0.0287626 0
train-0563.jpg 917.766 0.957105 0.268773 0.101758 0.0368251 0.969208 -0.237321 -0.890928 -0.0333727 0
train-0562.jpg 917.804 0.957565 0.268968 0.097253 0.0356036 0.924633 -0.241544 -0.904448 -0.0281088 0
train-0561.jpg 917.551 0.958048 0.269128 0.0923767 0.0343536 0.875368 -0.246001 -0.92148 -0.0300193 0
train-0560.jpg 917.31 0.958507 0.269261 0.0875461 0.0331338 0.821389 -0.253763 -0.93291 -0.0276508 0
train-0559.jpg 917.292 0.958988 0.26926 0.0826456 0.0317936 0.762095 -0.262185 -0.944722 -0.0281466 0
train-0558.jpg 916.34 0.959556 0.268952 0.0773676 0.030504 0.702329 -0.269966 -0.958701 -0.0225173 0
train-0557.jpg 916.152 0.959934 0.269153 0.0723472 0.0291475 0.639978 -0.283655 -0.966218 -0.0215595 0
train-0556.jpg 913.98 0.960377 0.269052 0.0673006 0.0275242 0.57545 -0.297299 -0.970048 -0.0231206 0
train-0555.jpg 911.17 0.960837 0.268835 0.0619859 0.026037 0.510057 -0.317941 -0.981294 -0.0272347 0
train-0554.jpg 915.027 0.961139 0.26902 0.056893 0.0245414 0.449528 -0.343813 -1.00399 -0.0223097 0
train-0553.jpg 916.355 0.961804 0.267893 0.051604 0.0224266 0.387993 -0.367876 -1.03589 -0.0211217 0
train-0552.jpg 912.77 0.961945 0.268468 0.0463223 0.0210085 0.323677 -0.384268 -1.03361 -0.0282651 0
train-0551.jpg 915.375 0.962331 0.268103 0.0409147 0.0191116 0.263195 -0.403351 -1.06442 -0.0253195 0
train-0550.jpg 912.922 0.96275 0.267511 0.0354608 0.0170996 0.201029 -0.409222 -1.07288 -0.0268357 0
train-0549.jpg 913.072 0.962874 0.267828 0.0302174 0.0151138 0.142653 -0.419509 -1.07775 -0.0254288 0
train-0548.jpg 912.079 0.963142 0.267535 0.0248275 0.0129106 0.0860564 -0.424872 -1.08778 -0.0290003 0
train-0547.jpg 913.332 0.963238 0.26773 0.0193053 0.0109423 0.0333707 -0.436752 -1.1057 -0.0269256 0
train-0546.jpg 912.603 0.963526 0.267109 0.013996 0.00860806 -0.014074 -0.441453 -1.11746 -0.0264835 0
train-0545.jpg 912.183 0.963692 0.266796 0.00854595 0.0066169 -0.0589349 -0.453137 -1.13224 -0.0302519 0
train-0544.jpg 910.922 0.963695 0.26695 0.00305724 0.00449183 -0.0985056 -0.460939 -1.13898 -0.0345582 0
train-0543.jpg 912.665 0.963883 0.266309 -0.00218416 0.00229847 -0.134568 -0.466256 -1.15554 -0.0303483 0
train-0542.jpg 912.433 0.963869 0.266264 -0.00772154 0.000267192 -0.173685 -0.474897 -1.16398 -0.0335279 0
train-0541.jpg 913.02 0.963767 0.266408 -0.0132637 -0.00188015 -0.208612 -0.477313 -1.16717 -0.0308846 0
train-0540.jpg 915.004 0.963748 0.266129 -0.0186058 -0.00429387 -0.244157 -0.479986 -1.17539 -0.0316166 0
train-0539.jpg 915.085 0.963696 0.26585 -0.0238141 -0.00682222 -0.2794 -0.477657 -1.17276 -0.0295848 0
train-0538.jpg 914.751 0.96352 0.265871 -0.0292719 -0.00920397 -0.313146 -0.487133 -1.17669 -0.031801 0
train-0537.jpg 916.87 0.963454 0.265368 -0.0346153 -0.0117049 -0.344866 -0.495982 -1.18693 -0.02912 0
train-0536.jpg 918.364 0.963215 0.265351 -0.0400294 -0.0142317 -0.381861 -0.510205 -1.18617 -0.0276366 0
train-0535.jpg 918.058 0.962847 0.265673 -0.0454141 -0.0167361 -0.41944 -0.525686 -1.18427 -0.0280251 0
train-0534.jpg 918.373 0.962358 0.266257 -0.0509559 -0.0194184 -0.458124 -0.537591 -1.17614 -0.0282672 0
train-0533.jpg 918.81 0.961925 0.266488 -0.0564096 -0.0224202 -0.498215 -0.542378 -1.16248 -0.0260304 0
train-0532.jpg 916.55 0.961364 0.267042 -0.0617956 -0.025486 -0.542204 -0.547638 -1.14196 -0.0293289 0
train-0531.jpg 915.898 0.960703 0.26781 -0.0671681 -0.0285863 -0.58619 -0.549214 -1.12063 -0.029462 0
train-0530.jpg 915.443 0.96017 0.267919 -0.0725911 -0.0319856 -0.631641 -0.542671 -1.10354 -0.0311562 0
train-0529.jpg 914.36 0.959588 0.268176 -0.077621 -0.0353116 -0.674091 -0.538501 -1.08314 -0.033319 0
train-0528.jpg 914.42 0.958959 0.268491 -0.0826414 -0.0384786 -0.718484 -0.538113 -1.07012 -0.0324493 0
train-0527.jpg 915.34 0.958312 0.268718 -0.0877454 -0.0415944 -0.764467 -0.539876 -1.06081 -0.0302729 0
train-0526.jpg 916.55 0.957521 0.269285 -0.0928944 -0.0448204 -0.808914 -0.54004 -1.04632 -0.0299598 0
train-0525.jpg 915.144 0.956666 0.269968 -0.0980568 -0.0478876 -0.851596 -0.536644 -1.02158 -0.0335133 0
train-0524.jpg 916.705 0.95586 0.270442 -0.102928 -0.0509829 -0.898193 -0.536364 -1.00839 -0.0321906 0
train-0523.jpg 915.517 0.954892 0.271234 -0.108004 -0.0542929 -0.945133 -0.53455 -0.984181 -0.034349 0
train-0522.jpg 915.671 0.95395 0.271782 -0.113103 -0.0576287 -0.993761 -0.536733 -0.966254 -0.0337662 0
train-0521.jpg 916.757 0.952971 0.27234 -0.118146 -0.0609873 -1.04256 -0.534743 -0.946481 -0.0337091 0
train-0520.jpg 916.173 0.951982 0.27283 -0.123028 -0.0644884 -1.09347 -0.531931 -0.920126 -0.036557 0
train-0519.jpg 916.518 0.950886 0.273461 -0.128173 -0.0678761 -1.14963 -0.534251 -0.888497 -0.0368055 0
train-0518.jpg 917.054 0.949729 0.274166 -0.133292 -0.0712864 -1.20636 -0.530788 -0.845868 -0.0335355 0
train-0517.jpg 916.472 0.948669 0.274285 -0.138559 -0.0748074 -1.26645 -0.522848 -0.806606 -0.0345483 0
train-0516.jpg 918.239 0.94735 0.275009 -0.144171 -0.0781793 -1.32996 -0.514863 -0.759399 -0.0300532 0
train-0515.jpg 917.477 0.946045 0.275308 -0.150116 -0.081674 -1.39036 -0.496354 -0.704778 -0.0348293 0
train-0514.jpg 918.488 0.944524 0.275942 -0.156564 -0.0849594 -1.45121 -0.482501 -0.65513 -0.028622 0
train-0513.jpg 916.311 0.943034 0.275804 -0.163806 -0.0882394 -1.50766 -0.460576 -0.599096 -0.0377779 0
train-0512.jpg 914.663 0.941413 0.275748 -0.171305 -0.0914243 -1.56198 -0.443197 -0.537305 -0.0431476 0
train-0511.jpg 914.837 0.939661 0.275619 -0.179182 -0.0946871 -1.61485 -0.433614 -0.481652 -0.038245 0
train-0510.jpg 910.674 0.93788 0.275338 -0.18705 -0.097893 -1.66193 -0.421419 -0.415642 -0.0494046 0
train-0059.jpg 919.3 0.962085 0.168643 0.210458 0.0407405 1.54976 0.604927 -0.851499 -0.0254887 0
train-0058.jpg 919.588 0.963279 0.169803 0.204171 0.0396933 1.46725 0.603281 -0.876522 -0.0263868 0
train-0057.jpg 917.897 0.96452 0.170465 0.197877 0.0385754 1.38423 0.606593 -0.896102 -0.029034 0
train-0062.jpg 922.812 0.958273 0.165943 0.228563 0.0439889 1.80307 0.59881 -0.775888 -0.0152469 0
train-0061.jpg 922.156 0.95962 0.166644 0.222533 0.0428814 1.71708 0.602282 -0.80518 -0.017769 0
train-0060.jpg 920.814 0.960896 0.167602 0.216423 0.0418359 1.63399 0.602307 -0.834186 -0.0215089 0
train-0063.jpg 921.84 0.956978 0.165018 0.234366 0.0451108 1.88647 0.596531 -0.744778 -0.0163375 0
train-0064.jpg 921.07 0.955614 0.1641 0.240302 0.0461297 1.96693 0.595971 -0.708015 -0.0166252 0
train-0065.jpg 920.335 0.954205 0.163308 0.246123 0.0473995 2.04166 0.593527 -0.666705 -0.0173731 0
train-0066.jpg 918.79 0.952792 0.162555 0.251803 0.0485659 2.11299 0.588125 -0.623239 -0.017864 0
train-0068.jpg 921.376 0.94994 0.160517 0.263177 0.0508602 2.2626 0.576861 -0.550602 -0.0157915 0
train-0067.jpg 920.873 0.951418 0.161349 0.257499 0.0496476 2.18962 0.582705 -0.590581 -0.0165392 0
train-0069.jpg 920.852 0.948471 0.159555 0.268738 0.0521918 2.33243 0.572167 -0.508944 -0.0140095 0
train-0070.jpg 918.167 0.946873 0.159011 0.274378 0.0535202 2.39503 0.564634 -0.45585 -0.016957 0
train-0071.jpg 918.064 0.945428 0.157528 0.279922 0.0547288 2.46297 0.563573 -0.414654 -0.0180076 0
train-0072.jpg 915.893 0.943904 0.156669 0.285203 0.0562099 2.51554 0.562827 -0.360129 -0.0185272 0
train-0073.jpg 916.919 0.942379 0.155519 0.290555 0.0575615 2.57716 0.557374 -0.319134 -0.0179175 0
train-0074.jpg 917.639 0.940774 0.154418 0.296043 0.0588069 2.63142 0.55715 -0.272772 -0.0196109 0
train-0075.jpg 916.34 0.939122 0.153635 0.301402 0.060027 2.68084 0.556513 -0.225215 -0.0229962 0
train-0076.jpg 916.249 0.93752 0.15273 0.306586 0.0611161 2.72329 0.556599 -0.178385 -0.0267701 0
train-0077.jpg 916.645 0.935806 0.152143 0.311841 0.0622491 2.76639 0.554882 -0.133555 -0.026146 0
train-0078.jpg 916.814 0.934104 0.151419 0.316956 0.0637192 2.80865 0.550403 -0.0922995 -0.0231429 0
train-0079.jpg 916.618 0.932497 0.150509 0.321816 0.0650497 2.8467 0.545845 -0.0521958 -0.023647 0
train-0080.jpg 918.219 0.930826 0.149587 0.326799 0.0662533 2.88972 0.53869 -0.0192457 -0.0219708 0
train-0081.jpg 917.469 0.929078 0.148778 0.331837 0.0675544 2.92977 0.530401 0.0164088 -0.0249777 0
train-0082.jpg 917.871 0.927421 0.147696 0.336644 0.0688997 2.96794 0.526783 0.0535706 -0.0265426 0
train-0083.jpg 918.702 0.925691 0.146763 0.34147 0.0703982 3.00641 0.524603 0.0961183 -0.0245762 0
train-0084.jpg 919.054 0.923891 0.145861 0.346438 0.0716252 3.04154 0.522332 0.143696 -0.0246448 0
train-0085.jpg 918.404 0.922271 0.144867 0.350943 0.0725888 3.07687 0.522119 0.186807 -0.0277036 0
train-0086.jpg 919.87 0.920622 0.143768 0.355544 0.073309 3.11557 0.52353 0.226007 -0.0295605 0
train-0087.jpg 923.935 0.918856 0.142687 0.360389 0.0739216 3.1659 0.52869 0.259074 -0.0302821 0
train-0089.jpg 922.706 0.91552 0.141571 0.368853 0.0756815 3.24424 0.539124 0.335423 -0.0356553 0
train-0088.jpg 923.411 0.917166 0.142203 0.364663 0.0748719 3.19763 0.535887 0.30295 -0.0297322 0
train-0056.jpg 918.032 0.965708 0.171128 0.191611 0.0375452 1.30935 0.605993 -0.925453 -0.0285272 0
train-0055.jpg 919.862 0.966802 0.171866 0.18557 0.0363383 1.23637 0.602764 -0.952558 -0.029529 0
train-0054.jpg 918.734 0.967918 0.172639 0.179141 0.0352108 1.15826 0.600375 -0.972999 -0.0303937 0
train-0053.jpg 916.979 0.968945 0.173505 0.172837 0.0341765 1.08102 0.599324 -0.987537 -0.0331824 0
train-0052.jpg 919.92 0.969941 0.174181 0.16666 0.0331562 1.00688 0.598734 -1.00845 -0.0268442 0
train-0051.jpg 916.106 0.970899 0.175001 0.16033 0.0319955 0.928494 0.601521 -1.01288 -0.033337 0
train-0050.jpg 916.104 0.971821 0.175631 0.154172 0.0307987 0.858779 0.598793 -1.0283 -0.0335996 0
train-0049.jpg 914.997 0.972694 0.176294 0.147985 0.0297846 0.788558 0.597664 -1.03693 -0.034244 0
train-0048.jpg 914.497 0.973452 0.177077 0.142201 0.0285344 0.721698 0.598793 -1.04106 -0.0346199 0
train-0047.jpg 914.743 0.974291 0.177459 0.136129 0.0271129 0.65539 0.599143 -1.05419 -0.0357846 0
train-0046.jpg 914.642 0.975059 0.178049 0.129998 0.0256864 0.588656 0.594409 -1.06558 -0.0364366 0
train-0045.jpg 915.234 0.975823 0.178242 0.124155 0.0241783 0.521994 0.594327 -1.07496 -0.0344482 0
train-0044.jpg 914.715 0.976515 0.178675 0.118231 0.0227082 0.453166 0.592096 -1.08268 -0.0331609 0
train-0043.jpg 917.341 0.97718 0.178885 0.112608 0.0209539 0.386344 0.589128 -1.09941 -0.0293653 0
train-0042.jpg 914.118 0.977831 0.17921 0.106542 0.0194538 0.313003 0.589941 -1.09984 -0.0334305 0
train-0041.jpg 915.76 0.978413 0.179408 0.101027 0.017732 0.247191 0.589306 -1.11226 -0.0339458 0
train-0040.jpg 916.599 0.979006 0.179477 0.0953051 0.0158551 0.179931 0.587055 -1.12451 -0.0286772 0
train-0039.jpg 916.151 0.979557 0.179481 0.0897557 0.0141045 0.114485 0.589003 -1.12909 -0.0288136 0
train-0038.jpg 917.061 0.980048 0.179596 0.084244 0.012434 0.0489974 0.588492 -1.13758 -0.0285638 0
train-0037.jpg 915.184 0.980488 0.179784 0.0787799 0.010737 -0.0163485 0.590465 -1.13882 -0.0314054 0
train-0036.jpg 915.531 0.980979 0.179626 0.0730333 0.00895563 -0.0816585 0.591407 -1.14667 -0.0332167 0
train-0035.jpg 917.09 0.981421 0.179501 0.0673675 0.00727169 -0.146029 0.589845 -1.1543 -0.0297764 0
train-0034.jpg 917.1 0.981819 0.179399 0.0617959 0.00539092 -0.210498 0.588425 -1.1576 -0.0306298 0
train-0033.jpg 918.376 0.982145 0.17955 0.0560358 0.00369197 -0.277192 0.584336 -1.16426 -0.028233 0
train-0032.jpg 917.128 0.982511 0.17919 0.0505988 0.00181668 -0.341875 0.583181 -1.17049 -0.0303589 0
train-0031.jpg 918.161 0.982772 0.179232 0.0451211 4.19358e-05 -0.406241 0.577105 -1.18404 -0.02964 0
train-0030.jpg 917.444 0.983056 0.178976 0.0395679 -0.00181939 -0.47189 0.573719 -1.19345 -0.0302936 0
train-0029.jpg 914.683 0.983284 0.178885 0.0337611 -0.00362652 -0.604981 0.56484 -1.21377 -0.0346431 0
train-0028.jpg 912.957 0.983454 0.17889 0.028041 -0.00543459 -0.670471 0.561441 -1.21864 -0.0372448 0
train-0027.jpg 915.275 0.983653 0.178511 0.0224838 -0.00743566 -0.734324 0.554726 -1.23456 -0.0336333 0
train-0026.jpg 912.088 0.983681 0.178945 0.0164054 -0.0090052 -0.871092 0.554196 -1.22649 -0.0408468 0
train-0025.jpg 912.375 0.983776 0.178744 0.0106723 -0.0109834 -0.935282 0.554966 -1.22429 -0.0409283 0
train-0024.jpg 912.418 0.983766 0.178934 0.00450452 -0.0128816 -1.06348 0.555304 -1.21206 -0.0445652 0
train-0023.jpg 912.045 0.983744 0.178957 -0.0012824 -0.0148362 -1.12182 0.554014 -1.19988 -0.0424588 0
train-0022.jpg 911.052 0.983659 0.179118 -0.00710248 -0.01674 -1.17478 0.552412 -1.19129 -0.0437109 0
train-0021.jpg 912.057 0.983607 0.178895 -0.012847 -0.0186835 -1.22618 0.552287 -1.19271 -0.0451095 0
train-0020.jpg 912.454 0.98349 0.178839 -0.0183938 -0.0206579 -1.27674 0.551192 -1.18369 -0.0460382 0
train-0019.jpg 913.332 0.983351 0.178736 -0.023874 -0.0224679 -1.32521 0.545982 -1.18117 -0.0448776 0
train-0018.jpg 912.349 0.983166 0.178728 -0.029107 -0.0243489 -1.3713 0.541042 -1.17047 -0.0462361 0
train-0016.jpg 913.842 0.982742 0.178538 -0.039609 -0.0278142 -1.46331 0.525372 -1.15715 -0.0458108 0
train-0017.jpg 913.873 0.982969 0.178639 -0.0344079 -0.0259908 -1.41891 0.533204 -1.16754 -0.0453936 0
train-0015.jpg 914.135 0.98247 0.178565 -0.0446175 -0.0296064 -1.50339 0.516854 -1.14644 -0.0450919 0
train-0014.jpg 914.206 0.98218 0.178634 -0.0494385 -0.0311002 -1.53976 0.513276 -1.13359 -0.0426357 0
train-0013.jpg 913.683 0.981882 0.178635 -0.0540295 -0.0328265 -1.57212 0.514453 -1.11618 -0.0437613 0
train-0012.jpg 914.71 0.98156 0.178616 -0.0587828 -0.0343727 -1.60478 0.510737 -1.10975 -0.0411249 0
train-0011.jpg 916.019 0.981213 0.178666 -0.0633362 -0.0358919 -1.63226 0.509187 -1.10169 -0.0354634 0
train-0010.jpg 915.773 0.980919 0.178293 -0.0679462 -0.0373246 -1.65996 0.511262 -1.09407 -0.0363322 0
train-0009.jpg 914.546 0.980535 0.17841 -0.0723299 -0.0386005 -1.6839 0.508243 -1.0822 -0.0372761 0
train-0008.jpg 915.326 0.980151 0.178445 -0.076577 -0.0399558 -1.70676 0.506964 -1.0776 -0.0346783 0
train-0007.jpg 915.796 0.979802 0.178115 -0.0809739 -0.0413117 -1.72937 0.507305 -1.07616 -0.0325694 0
train-0006.jpg 915.031 0.979413 0.177967 -0.0852011 -0.0426439 -1.74774 0.508032 -1.06892 -0.0354511 0
train-0004.jpg 913.431 0.978628 0.177638 -0.0932203 -0.0451889 -1.77692 0.505288 -1.0562 -0.034817 0
train-0003.jpg 912.851 0.978197 0.1776 -0.0971844 -0.0463105 -1.78982 0.502579 -1.05064 -0.0351956 0
train-0005.jpg 914.344 0.97902 0.177825 -0.0892895 -0.0438914 -1.76353 0.507906 -1.06136 -0.0361615 0
train-0002.jpg 912.079 0.977768 0.177635 -0.100799 -0.0474921 -1.79797 0.500501 -1.04566 -0.0354996 0
train-0001.jpg 912.012 0.977427 0.177201 -0.104289 -0.0485829 -1.8043 0.501707 -1.04576 -0.0358267 0
train-0000.jpg 912.58 0.976999 0.177151 -0.107801 -0.0496904 -1.80867 0.498549 -1.04529 -0.0346652 0
train-0091.jpg 922.253 0.912199 0.140405 0.377059 0.0775029 3.32719 0.548243 0.404634 -0.0385657 0
train-0092.jpg 921.072 0.910569 0.140153 0.380855 0.0785576 3.36208 0.54805 0.440603 -0.0376291 0
train-0090.jpg 920.952 0.913805 0.141013 0.373098 0.0766399 3.28446 0.544017 0.37392 -0.0408843 0
train-0094.jpg 920.864 0.907189 0.139067 0.388841 0.0804447 3.42478 0.549999 0.518014 -0.0371873 0
train-0093.jpg 919.682 0.908975 0.139614 0.384637 0.0795441 3.3891 0.551459 0.480637 -0.0374884 0
train-0095.jpg 919.149 0.905616 0.138429 0.392512 0.0814408 3.44499 0.554677 0.562114 -0.033158 0
train-0096.jpg 918.365 0.903842 0.137818 0.396619 0.0822689 3.46349 0.557651 0.609212 -0.0346074 0
train-0097.jpg 920.979 0.90207 0.137114 0.40075 0.0828858 3.49856 0.557729 0.641327 -0.0352787 0
train-0098.jpg 920.011 0.900217 0.136791 0.404799 0.0838783 3.52376 0.556256 0.677938 -0.0381347 0
train-0099.jpg 918.169 0.898507 0.13631 0.408546 0.0848213 3.53572 0.555183 0.719973 -0.0349628 0
train-0100.jpg 913.175 0.896761 0.135942 0.41226 0.0859108 3.53767 0.550898 0.768171 -0.0397157 0
train-0101.jpg 914.779 0.894917 0.134806 0.41651 0.0864321 3.55803 0.543174 0.8049 -0.0348371 0
train-0102.jpg 916.028 0.892832 0.134116 0.421022 0.0872063 3.56972 0.534881 0.847231 -0.0355773 0
train-0103.jpg 913.767 0.890982 0.133282 0.425016 0.0880196 3.57461 0.532122 0.890106 -0.0363185 0
train-0105.jpg 913.7 0.887136 0.132028 0.432965 0.0900035 3.61337 0.508058 0.9521 -0.0428855 0
train-0104.jpg 913.827 0.889004 0.132961 0.429018 0.0890947 3.59398 0.519271 0.923505 -0.038468 0
train-0107.jpg 915.099 0.883116 0.130446 0.441267 0.0915033 3.64153 0.48896 1.00777 -0.0390541 0
train-0106.jpg 914.635 0.885142 0.131235 0.437136 0.090633 3.62589 0.500555 0.982692 -0.039924 0
train-0108.jpg 912.428 0.881309 0.129868 0.444822 0.0925339 3.64933 0.479011 1.03303 -0.0414292 0
train-0109.jpg 915.79 0.87924 0.128946 0.449053 0.0930704 3.66358 0.466953 1.05578 -0.0377356 0
train-0111.jpg 917.343 0.875067 0.127423 0.457135 0.0951229 3.70183 0.443423 1.09842 -0.0375074 0
train-0113.jpg 918.826 0.871067 0.125174 0.464901 0.0971616 3.74622 0.431917 1.13799 -0.0361523 0
train-0114.jpg 920.384 0.869039 0.124342 0.468641 0.0984159 3.75835 0.433487 1.16422 -0.0341826 0
train-0112.jpg 916.391 0.873276 0.126151 0.460647 0.0963285 3.71781 0.438382 1.11843 -0.0416096 0
train-0110.jpg 918.775 0.877113 0.128596 0.45303 0.0943408 3.69951 0.443755 1.06612 -0.0403438 0
train-0115.jpg 919.778 0.866944 0.123644 0.472429 0.0996546 3.77294 0.437285 1.19676 -0.0373442 0
train-0116.jpg 917.951 0.86497 0.123077 0.475974 0.100635 3.77478 0.444599 1.23462 -0.0365096 0
train-0117.jpg 917.109 0.862926 0.122509 0.479583 0.101734 3.77555 0.452161 1.27518 -0.0395263 0
train-0118.jpg 920.398 0.860695 0.12214 0.483442 0.102813 3.79964 0.451772 1.31092 -0.0396872 0
train-0119.jpg 919.108 0.85887 0.121537 0.486644 0.103675 3.80353 0.460396 1.35279 -0.0345638 0
train-0120.jpg 920.636 0.856938 0.120891 0.490025 0.104492 3.83572 0.457365 1.3817 -0.0422397 0
train-0121.jpg 923.817 0.854969 0.119923 0.493561 0.105092 3.85955 0.460743 1.41349 -0.0358365 0
train-0123.jpg 923.725 0.8517 0.11876 0.499092 0.106816 3.89786 0.45193 1.45877 -0.0378743 0
train-0124.jpg 922.349 0.850085 0.118088 0.5018 0.10774 3.90453 0.446594 1.4876 -0.0390319 0
train-0125.jpg 922.962 0.84864 0.11731 0.504259 0.1085 3.91903 0.440848 1.51483 -0.0357157 0
train-0126.jpg 921.347 0.847315 0.116729 0.506449 0.109269 3.93038 0.434072 1.54155 -0.0385016 0
train-0127.jpg 921.964 0.84589 0.115918 0.508846 0.11004 3.94181 0.431094 1.57218 -0.0377559 0
train-0129.jpg 921.364 0.843281 0.114877 0.513029 0.11172 3.97416 0.419728 1.63027 -0.0363532 0
train-0130.jpg 921.19 0.842002 0.114495 0.515005 0.112663 3.9899 0.411469 1.65822 -0.0383309 0
train-0131.jpg 922.401 0.840749 0.114186 0.516944 0.113454 4.00421 0.401993 1.68477 -0.0360131 0
train-0128.jpg 922.626 0.844584 0.115353 0.510948 0.110926 3.95935 0.426245 1.60105 -0.0371081 0
train-0132.jpg 924.546 0.839559 0.113913 0.518738 0.114347 4.03389 0.385752 1.70339 -0.03753 0
train-0122.jpg 924.262 0.853364 0.119372 0.496265 0.106028 3.87578 0.462017 1.44023 -0.0352334 0
train-0133.jpg 920.33 0.83862 0.113423 0.520087 0.11559 4.03243 0.376719 1.73184 -0.0353664 0
train-0134.jpg 918.438 0.837555 0.112978 0.521772 0.116151 4.0435 0.362705 1.75173 -0.0403662 0
train-0135.jpg 922.17 0.83607 0.112574 0.524077 0.116863 4.06517 0.347438 1.76887 -0.0373083 0
train-0136.jpg 921.386 0.834712 0.112732 0.525997 0.117791 4.0808 0.330124 1.79067 -0.0358772 0
train-0138.jpg 920.801 0.832094 0.112979 0.529716 0.1194 4.11294 0.29224 1.84206 -0.0367456 0
train-0137.jpg 920.517 0.833424 0.112826 0.52783 0.118617 4.09128 0.314201 1.81547 -0.0389406 0
train-0139.jpg 922.558 0.830905 0.113193 0.531348 0.120226 4.13966 0.264974 1.86266 -0.0378059 0
train-0140.jpg 920.767 0.829707 0.11348 0.532925 0.121246 4.15232 0.238596 1.8859 -0.036596 0
train-0141.jpg 922.523 0.828421 0.114177 0.534553 0.122212 4.18391 0.200275 1.90512 -0.0413299 0
train-0142.jpg 919.722 0.827253 0.114782 0.535963 0.123375 4.19223 0.168813 1.93186 -0.0391085 0
train-0143.jpg 921.81 0.826071 0.115323 0.537485 0.124168 4.22197 0.132293 1.95059 -0.0429118 0
train-0144.jpg 924.737 0.8247 0.116216 0.539261 0.124748 4.25823 0.0934623 1.97174 -0.0385937 0
train-0145.jpg 920.921 0.823648 0.117443 0.540326 0.125927 4.26127 0.0550348 1.99334 -0.0421641 0
train-0146.jpg 922.352 0.822549 0.118486 0.541543 0.126903 4.2678 0.0145346 2.01182 -0.0319627 0
train-0148.jpg 913.144 0.8209 0.120892 0.542907 0.129458 4.26819 -0.0885623 2.02063 -0.0406526 0
train-0149.jpg 918.121 0.81934 0.122512 0.544744 0.130105 4.29208 -0.15256 2.02838 -0.0320259 0
train-0147.jpg 926.738 0.821528 0.119508 0.542658 0.127799 4.31511 -0.0484042 2.00686 -0.0251997 0
train-0152.jpg 921.094 0.81552 0.127563 0.548819 0.132111 4.32368 -0.332868 2.05126 -0.0344687 0
train-0153.jpg 924.394 0.814481 0.129442 0.549774 0.132721 4.33826 -0.392645 2.05655 -0.033381 0
train-0154.jpg 921.441 0.813629 0.131514 0.550319 0.133642 4.32762 -0.44424 2.06119 -0.0355966 0
train-0155.jpg 923.448 0.812445 0.133742 0.551387 0.134236 4.33362 -0.501369 2.06622 -0.0353716 0
train-0156.jpg 923.767 0.811422 0.135879 0.552201 0.13493 4.3351 -0.553897 2.07224 -0.0335819 0
train-0151.jpg 919.796 0.81685 0.125883 0.547351 0.13159 4.32326 -0.278752 2.03589 -0.0382191 0
train-0157.jpg 922.396 0.810462 0.138009 0.552911 0.135621 4.3289 -0.601636 2.08113 -0.032292 0
train-0150.jpg 919.946 0.818068 0.124026 0.546133 0.130846 4.3111 -0.214488 2.0316 -0.0358827 0
train-0158.jpg 923.62 0.809436 0.140454 0.553609 0.136394 4.33205 -0.657582 2.08888 -0.0337765 0
train-0159.jpg 923.28 0.808657 0.142907 0.55396 0.137038 4.33422 -0.710839 2.0908 -0.0366059 0
train-0160.jpg 924.007 0.807793 0.145313 0.554435 0.13768 4.33757 -0.762254 2.09208 -0.0340341 0
train-0161.jpg 923.044 0.807021 0.147793 0.554737 0.138352 4.33283 -0.809726 2.09432 -0.035301 0
train-0162.jpg 922.758 0.806307 0.150292 0.55492 0.139088 4.33046 -0.855702 2.09266 -0.034876 0
train-0163.jpg 923.684 0.805547 0.152763 0.555198 0.139685 4.33035 -0.899898 2.08943 -0.033226 0
train-0164.jpg 924.986 0.8048 0.155364 0.555401 0.140314 4.32876 -0.942354 2.08561 -0.0324207 0
train-0165.jpg 923.905 0.804199 0.157994 0.555353 0.141013 4.31653 -0.978816 2.08367 -0.0314189 0
train-0166.jpg 924.898 0.803582 0.160667 0.555335 0.14158 4.30334 -1.00959 2.08579 -0.0287252 0
train-0167.jpg 926.181 0.80315 0.16359 0.554953 0.142179 4.30818 -1.05064 2.07521 -0.0317826 0
train-0168.jpg 924.897 0.802713 0.166376 0.554609 0.142759 4.29399 -1.08115 2.06855 -0.0336978 0
train-0169.jpg 926.961 0.802294 0.169312 0.554129 0.143524 4.29384 -1.11864 2.05783 -0.030321 0
train-0170.jpg 924.228 0.802107 0.172227 0.553314 0.144242 4.2763 -1.14869 2.04754 -0.0324972 0
train-0171.jpg 924.657 0.801677 0.175086 0.552846 0.144982 4.26529 -1.18079 2.03974 -0.0309232 0
train-0172.jpg 924.751 0.801361 0.177955 0.552188 0.14574 4.2606 -1.21301 2.02955 -0.0315505 0
train-0174.jpg 923.926 0.800925 0.183634 0.550563 0.147233 4.24523 -1.26498 2.00986 -0.0305301 0
train-0173.jpg 924.622 0.801131 0.180823 0.5514 0.146459 4.25594 -1.24324 2.01826 -0.0308028 0
train-0175.jpg 924.218 0.800865 0.186448 0.549486 0.148046 4.23566 -1.28861 1.9988 -0.0309393 0
train-0176.jpg 924.123 0.800775 0.189338 0.548467 0.148642 4.22698 -1.31541 1.98832 -0.0303644 0
train-0177.jpg 924.349 0.800665 0.1922 0.547422 0.149409 4.2113 -1.34003 1.98029 -0.0305934 0
train-0178.jpg 924.981 0.800618 0.195185 0.54625 0.150083 4.19761 -1.36841 1.96993 -0.0305307 0
train-0179.jpg 925.004 0.800713 0.197504 0.545106 0.1507 4.17943 -1.38896 1.9595 -0.0288406 0
train-0181.jpg 925.971 0.800791 0.203057 0.542566 0.152062 4.14438 -1.44009 1.94466 -0.0338233 0
train-0183.jpg 926.459 0.801336 0.208269 0.539439 0.153266 4.09396 -1.48789 1.92574 -0.0332403 0
train-0182.jpg 926.134 0.801041 0.205886 0.540952 0.152695 4.12247 -1.4673 1.93488 -0.0354171 0
train-0184.jpg 928.421 0.801563 0.210932 0.537906 0.153824 4.07357 -1.51682 1.91375 -0.0329867 0
train-0180.jpg 924.316 0.800698 0.200405 0.543868 0.151418 4.15813 -1.41397 1.95352 -0.0323764 0
train-0186.jpg 927.998 0.802453 0.216025 0.534242 0.15488 4.02155 -1.56902 1.88674 -0.0359575 0
train-0185.jpg 928.341 0.801889 0.213583 0.536225 0.154335 4.04674 -1.54327 1.90259 -0.0351047 0
train-0187.jpg 929.122 0.803044 0.218395 0.532339 0.155044 3.99823 -1.58863 1.8694 -0.0359283 0
train-0188.jpg 927.746 0.803947 0.220511 0.530006 0.155363 3.96539 -1.59625 1.84781 -0.0359513 0
train-0189.jpg 927.63 0.804785 0.222564 0.527865 0.155387 3.9372 -1.59752 1.82855 -0.0328298 0
train-0190.jpg 928.973 0.805575 0.225105 0.525538 0.155519 3.91095 -1.60135 1.80703 -0.0322987 0
train-0191.jpg 929.56 0.806432 0.227567 0.523059 0.155852 3.88135 -1.6038 1.78256 -0.0320539 0
train-0192.jpg 929.276 0.807239 0.230186 0.520548 0.156232 3.84693 -1.60675 1.75849 -0.0326979 0
train-0194.jpg 931.773 0.808975 0.234993 0.515516 0.156785 3.77395 -1.6115 1.70422 -0.0323433 0
train-0193.jpg 930.827 0.80798 0.232495 0.5183 0.15646 3.81394 -1.60813 1.73439 -0.0320204 0
train-0195.jpg 931.324 0.810052 0.237405 0.512697 0.156835 3.73653 -1.61826 1.66949 -0.034845 0
train-0196.jpg 932.027 0.811043 0.239648 0.51004 0.156959 3.69564 -1.62383 1.63492 -0.0352155 0
train-0197.jpg 932.965 0.812226 0.241572 0.507253 0.156927 3.6574 -1.62825 1.59853 -0.0325967 0
train-0198.jpg 932.396 0.813468 0.243845 0.504181 0.156879 3.61221 -1.63095 1.56565 -0.0338639 0
train-0199.jpg 933.068 0.814615 0.246197 0.501281 0.156544 3.57839 -1.63915 1.53227 -0.0315455 0
train-0201.jpg 931.431 0.817511 0.250433 0.494471 0.156388 3.49101 -1.645 1.46718 -0.0315377 0
train-0200.jpg 930.897 0.815972 0.248363 0.49802 0.156468 3.52756 -1.6355 1.50474 -0.033684 0
train-0202.jpg 930.829 0.818941 0.252402 0.491238 0.155929 3.45034 -1.64599 1.43712 -0.0335294 0
train-0203.jpg 930.509 0.820367 0.2546 0.48781 0.15562 3.40389 -1.64374 1.40995 -0.0324008 0
train-0204.jpg 930.503 0.8219 0.256857 0.484173 0.155185 3.36637 -1.64851 1.37745 -0.0326105 0
train-0205.jpg 928.265 0.823459 0.258882 0.48061 0.154629 3.31557 -1.63773 1.35388 -0.035785 0
train-0206.jpg 929.09 0.824997 0.261083 0.476988 0.153941 3.28054 -1.6415 1.32109 -0.0358168 0
train-0207.jpg 929.582 0.826425 0.263429 0.473376 0.153434 3.2375 -1.63655 1.29518 -0.0346921 0
train-0208.jpg 927.864 0.828078 0.265543 0.469497 0.152795 3.18981 -1.62806 1.26921 -0.0365134 0
train-0209.jpg 928.045 0.829659 0.267888 0.465637 0.151936 3.14975 -1.62605 1.24192 -0.0367778 0
train-0212.jpg 927.894 0.834755 0.275023 0.452872 0.149843 3.01026 -1.61746 1.16467 -0.0342895 0
train-0211.jpg 927.442 0.833084 0.27267 0.457099 0.150608 3.05495 -1.62084 1.1884 -0.0352317 0
train-0210.jpg 927.709 0.831341 0.270317 0.461407 0.151341 3.09767 -1.6198 1.21684 -0.0354053 0
train-0213.jpg 925.492 0.836525 0.277285 0.44842 0.149194 2.95773 -1.60918 1.1436 -0.0353763 0
train-0214.jpg 927.322 0.838301 0.279567 0.443828 0.148698 2.91495 -1.60797 1.11492 -0.0327791 0
train-0215.jpg 927.028 0.839924 0.282258 0.439303 0.147887 2.8732 -1.60613 1.09047 -0.034323 0
train-0216.jpg 927.033 0.841662 0.284667 0.434731 0.1469 2.83312 -1.59969 1.06342 -0.0356065 0
train-0217.jpg 927.33 0.843395 0.287053 0.430069 0.146036 2.78839 -1.58476 1.03837 -0.0324346 0
train-0218.jpg 927.747 0.845135 0.289431 0.425321 0.145183 2.75021 -1.57453 1.00799 -0.0320177 0
train-0219.jpg 926.655 0.846919 0.291937 0.420425 0.144027 2.70846 -1.56021 0.980353 -0.0283318 0
train-0220.jpg 927.64 0.848543 0.294441 0.415828 0.14271 2.67941 -1.55769 0.950867 -0.0306265 0
train-0221.jpg 927.737 0.850166 0.297105 0.410959 0.14163 2.64177 -1.54903 0.929695 -0.0306766 0
train-0222.jpg 924.899 0.852035 0.299521 0.405666 0.140563 2.59166 -1.52348 0.917131 -0.03083 0
train-0223.jpg 927.739 0.853594 0.302668 0.400386 0.139502 2.57089 -1.53716 0.886498 -0.0333552 0
train-0224.jpg 925.334 0.855406 0.305002 0.39519 0.13813 2.53072 -1.52002 0.871713 -0.0319611 0
train-0225.jpg 924.589 0.857085 0.307987 0.389517 0.137204 2.49567 -1.52054 0.850954 -0.0335235 0
train-0226.jpg 923.69 0.858911 0.310362 0.384055 0.135828 2.45869 -1.51143 0.832704 -0.0338135 0
train-0227.jpg 925.621 0.860583 0.313262 0.378375 0.134524 2.43462 -1.51869 0.808827 -0.0308481 0
train-0228.jpg 925.422 0.862282 0.316028 0.372545 0.133441 2.40764 -1.52152 0.787078 -0.0288775 0
train-0229.jpg 924.233 0.864187 0.318623 0.366294 0.132246 2.37821 -1.52305 0.766101 -0.0282132 0
train-0230.jpg 924.84 0.866007 0.321104 0.360308 0.130772 2.36152 -1.53181 0.737107 -0.0323289 0
train-0231.jpg 924.166 0.867513 0.324209 0.354313 0.129508 2.34179 -1.54032 0.712344 -0.0342056 0
train-0232.jpg 922.659 0.869285 0.326626 0.348125 0.128329 2.31583 -1.54296 0.686612 -0.0337822 0
train-0233.jpg 922.432 0.870972 0.329272 0.341905 0.126838 2.28832 -1.54787 0.659145 -0.0370152 0
train-0234.jpg 923.067 0.872561 0.331606 0.336182 0.125124 2.27057 -1.55011 0.627054 -0.0439464 0
train-0235.jpg 925.571 0.87383 0.334682 0.330196 0.124017 2.25109 -1.5601 0.597624 -0.0346918 0
train-0279.jpg 911.036 0.910612 0.401679 0.0160348 0.095826 -0.22739 -1.64585 -0.307466 -0.0638854 0
train-0286.jpg 916.362 0.905561 0.407727 -0.0519644 0.10497 -0.927679 -1.56675 -0.156484 -0.0495521 0
train-0285.jpg 914.72 0.906388 0.407442 -0.0422234 0.103292 -0.831273 -1.58125 -0.169075 -0.0484007 0
train-0283.jpg 914.086 0.908391 0.405331 -0.022574 0.100114 -0.634486 -1.61373 -0.223801 -0.0559104 0
train-0282.jpg 913.858 0.909122 0.404424 -0.012951 0.0988469 -0.534343 -1.62958 -0.247779 -0.0591019 0
train-0284.jpg 914.425 0.907377 0.406538 -0.0324078 0.101705 -0.735724 -1.59559 -0.194235 -0.0549404 0
train-0281.jpg 915.313 0.909522 0.40398 -0.00320848 0.0977722 -0.432318 -1.64165 -0.265822 -0.0560975 0
train-0280.jpg 911.463 0.910202 0.402704 0.00676876 0.0965243 -0.327367 -1.63268 -0.276467 -0.0592866 0
train-0278.jpg 912.985 0.910866 0.400778 0.0252531 0.0951962 -0.123242 -1.64864 -0.331393 -0.0586131 0
train-0277.jpg 912.511 0.911231 0.399473 0.0343197 0.0943491 -0.0187546 -1.63968 -0.344048 -0.0538541 0
train-0276.jpg 911.076 0.911495 0.398166 0.0426817 0.0939112 0.0848564 -1.63425 -0.355858 -0.0574124 0
train-0275.jpg 911.596 0.911954 0.396271 0.0506548 0.0935058 0.195637 -1.64196 -0.38817 -0.0604477 0
train-0274.jpg 910.15 0.911733 0.395662 0.0585585 0.0936253 0.303486 -1.64718 -0.394499 -0.0609248 0
train-0287.jpg 916.91 0.904423 0.408408 -0.0616584 0.106869 -1.02188 -1.54759 -0.136419 -0.045665 0
train-0288.jpg 917.158 0.903323 0.408787 -0.0710495 0.108869 -1.1149 -1.52972 -0.118407 -0.042274 0
train-0273.jpg 908.845 0.91194 0.394034 0.0664341 0.093211 0.41206 -1.6527 -0.411312 -0.058298 0
train-0272.jpg 905.921 0.911586 0.393346 0.0743763 0.0935891 0.51018 -1.65294 -0.403954 -0.0548929 0
train-0271.jpg 905.159 0.91124 0.392521 0.0823095 0.093774 0.605118 -1.65486 -0.402396 -0.0466752 0
train-0270.jpg 903.423 0.911162 0.391025 0.0899082 0.0938123 0.698219 -1.65735 -0.407347 -0.0479697 0
train-0289.jpg 920.647 0.90211 0.409014 -0.080879 0.111189 -1.21581 -1.52458 -0.109839 -0.0376272 0
train-0290.jpg 921.145 0.900934 0.409068 -0.090267 0.113285 -1.3094 -1.51033 -0.0949548 -0.0366949 0
train-0291.jpg 920.991 0.899615 0.409078 -0.0997488 0.115751 -1.4017 -1.50293 -0.0809301 -0.0363802 0
train-0292.jpg 921.844 0.89833 0.408759 -0.1093 0.11821 -1.49649 -1.50058 -0.0698025 -0.0341642 0
train-0293.jpg 923.36 0.897071 0.408177 -0.118721 0.120669 -1.58808 -1.49864 -0.0590591 -0.0310674 0
train-0294.jpg 924.301 0.895735 0.407468 -0.128128 0.123337 -1.67639 -1.49885 -0.0493007 -0.0279739 0
train-0295.jpg 921.593 0.894284 0.40679 -0.137469 0.126017 -1.75603 -1.48617 -0.0217855 -0.0261048 0
train-0296.jpg 923.029 0.892752 0.405817 -0.147064 0.129142 -1.8422 -1.4886 -0.00716275 -0.0276259 0
train-0297.jpg 923.318 0.89127 0.404539 -0.156745 0.131977 -1.91878 -1.47648 0.019638 -0.0185476 0
train-0269.jpg 902.295 0.910397 0.390751 0.0977035 0.0945824 0.787616 -1.66646 -0.387391 -0.0432872 0
train-0268.jpg 900.193 0.909995 0.38966 0.105145 0.0949711 0.873262 -1.6733 -0.376383 -0.0423251 0
train-0267.jpg 904.579 0.909442 0.388833 0.112281 0.0954832 0.965895 -1.70304 -0.386265 -0.0453051 0
train-0265.jpg 908.182 0.908498 0.386183 0.127575 0.0960139 1.15605 -1.74569 -0.391741 -0.048558 0
train-0264.jpg 911.033 0.907983 0.384865 0.134686 0.096468 1.23534 -1.76791 -0.390097 -0.0485173 0
train-0266.jpg 907.205 0.908941 0.387588 0.120137 0.0957529 1.06604 -1.72202 -0.388327 -0.0446306 0
train-0263.jpg 913.541 0.907185 0.383847 0.142163 0.0972978 1.30801 -1.78513 -0.376127 -0.0446616 0
train-0262.jpg 914.384 0.906331 0.382917 0.149242 0.0983162 1.36553 -1.78752 -0.345996 -0.0438581 0
train-0261.jpg 914.594 0.905452 0.381794 0.156601 0.099328 1.42204 -1.78502 -0.311168 -0.0396493 0
train-0260.jpg 915.57 0.904569 0.380585 0.163883 0.100259 1.47784 -1.78406 -0.279398 -0.0375653 0
train-0259.jpg 916.384 0.903541 0.379608 0.170948 0.101435 1.5225 -1.7733 -0.238661 -0.0336843 0
train-0258.jpg 916.392 0.902574 0.378238 0.178405 0.102314 1.57169 -1.76389 -0.203434 -0.0308347 0
train-0257.jpg 918.746 0.901501 0.377038 0.185707 0.103207 1.62155 -1.76383 -0.173487 -0.0300588 0
train-0256.jpg 920.412 0.900539 0.375373 0.193113 0.104079 1.66355 -1.7538 -0.137364 -0.0275517 0
train-0254.jpg 916.313 0.898165 0.373005 0.207578 0.105256 1.74156 -1.72679 -0.0512911 -0.0360418 0
train-0255.jpg 917.421 0.899243 0.374376 0.200581 0.104749 1.69968 -1.7388 -0.0857109 -0.0327427 0
train-0253.jpg 917.64 0.896859 0.371964 0.214421 0.106349 1.77829 -1.72142 -0.0162106 -0.0338281 0
train-0252.jpg 918.885 0.895636 0.370548 0.221411 0.107275 1.81601 -1.7175 0.0109461 -0.0334071 0
train-0251.jpg 917.462 0.894435 0.369236 0.227952 0.108115 1.8485 -1.70568 0.0429312 -0.040962 0
train-0250.jpg 920.219 0.893255 0.367681 0.234504 0.109148 1.88672 -1.69746 0.0679224 -0.0420964 0
train-0249.jpg 918.877 0.892199 0.365676 0.241214 0.109896 1.91629 -1.66874 0.10797 -0.0400848 0
train-0248.jpg 920.787 0.890925 0.364306 0.247561 0.110665 1.9521 -1.66554 0.134332 -0.046118 0
train-0247.jpg 924.229 0.889793 0.362355 0.254005 0.111577 1.98607 -1.65846 0.161076 -0.0447604 0
train-0246.jpg 925.694 0.888409 0.360794 0.260557 0.112548 2.01032 -1.64204 0.20417 -0.0452031 0
train-0245.jpg 924.665 0.887559 0.358196 0.266666 0.113246 2.03378 -1.62366 0.235797 -0.0476356 0
train-0298.jpg 922.709 0.889576 0.403429 -0.166339 0.135026 -1.99093 -1.46288 0.0552611 -0.0174056 0
train-0244.jpg 927.62 0.886361 0.355933 0.273232 0.114103 2.06126 -1.61781 0.267041 -0.041788 0
train-0243.jpg 924.367 0.885175 0.353877 0.279228 0.115181 2.06963 -1.59437 0.31447 -0.0428624 0
train-0299.jpg 921.223 0.887968 0.401853 -0.176019 0.138004 -2.05601 -1.4427 0.0941497 -0.0143786 0
train-0242.jpg 926.123 0.883837 0.351762 0.28558 0.116361 2.09311 -1.58184 0.351701 -0.0409998 0
train-0241.jpg 928.155 0.882546 0.349218 0.292236 0.11729 2.12313 -1.57942 0.382087 -0.0415725 0
train-0238.jpg 925.476 0.878372 0.342028 0.311491 0.12022 2.17887 -1.55927 0.500096 -0.0407947 0
train-0239.jpg 928.98 0.879572 0.344734 0.305426 0.119277 2.1675 -1.57743 0.457319 -0.0399421 0
train-0237.jpg 926.8 0.87706 0.339356 0.317527 0.12157 2.20173 -1.56283 0.530259 -0.0341669 0
train-0240.jpg 927.143 0.881238 0.346578 0.298849 0.118293 2.14113 -1.56817 0.423243 -0.0389096 0
train-0236.jpg 925.151 0.875489 0.336979 0.323917 0.122648 2.22309 -1.55462 0.56944 -0.0319132 0
train-0509.jpg 912.899 0.93603 0.27511 -0.194869 -0.100935 -1.70989 -0.418148 -0.361446 -0.0397891 0
train-0508.jpg 913.57 0.934147 0.274445 -0.202868 -0.104369 -1.75974 -0.416755 -0.31324 -0.042997 0
train-0301.jpg 922.226 0.884095 0.399034 -0.196442 0.143381 -2.19147 -1.41458 0.170577 -0.0145984 0
train-0302.jpg 923.62 0.882105 0.397373 -0.206749 0.145741 -2.25497 -1.39835 0.210899 -0.00781634 0
train-0300.jpg 920.681 0.885878 0.400916 -0.186095 0.140907 -2.12396 -1.43137 0.132516 -0.0163509 0
train-0507.jpg 911.09 0.932148 0.273823 -0.210864 -0.107964 -1.80059 -0.413706 -0.255707 -0.0447466 0
train-0303.jpg 922.017 0.879967 0.395664 -0.217234 0.148042 -2.31861 -1.38612 0.249256 -0.00627053 0
train-0506.jpg 911.477 0.929959 0.27356 -0.218994 -0.11128 -1.84487 -0.413248 -0.199645 -0.0444054 0
train-0505.jpg 910.294 0.92789 0.272696 -0.226689 -0.115195 -1.88704 -0.410833 -0.147956 -0.0483168 0
train-0503.jpg 910.467 0.923207 0.271204 -0.242899 -0.123033 -1.98008 -0.426262 -0.0407128 -0.0478028 0
train-0502.jpg 911.48 0.920898 0.269993 -0.250812 -0.127058 -2.03186 -0.428868 0.00559371 -0.0447656 0
train-0500.jpg 911.282 0.915578 0.268396 -0.267184 -0.135251 -2.13473 -0.4438 0.122431 -0.0401544 0
train-0501.jpg 911.717 0.918356 0.268957 -0.258945 -0.131268 -2.08193 -0.433939 0.0636362 -0.0422706 0
train-0499.jpg 909.388 0.912884 0.267469 -0.275116 -0.139331 -2.18545 -0.439725 0.186137 -0.0427833 0
train-0498.jpg 907.69 0.910259 0.265865 -0.283144 -0.143439 -2.23305 -0.436661 0.24817 -0.0475183 0
train-0497.jpg 905.018 0.907406 0.26461 -0.291188 -0.147669 -2.27389 -0.437429 0.321485 -0.0467706 0
train-0496.jpg 905.859 0.90454 0.263112 -0.299145 -0.151961 -2.31773 -0.442771 0.384805 -0.0447684 0
train-0495.jpg 903.963 0.901578 0.261645 -0.307117 -0.156133 -2.36119 -0.444608 0.450004 -0.0461515 0
train-0494.jpg 904.759 0.898585 0.259816 -0.315166 -0.160346 -2.40854 -0.451426 0.505933 -0.0425288 0
train-0493.jpg 904.598 0.895505 0.258016 -0.323134 -0.164569 -2.45131 -0.456385 0.565419 -0.0418889 0
train-0492.jpg 903.684 0.892229 0.256835 -0.330891 -0.168743 -2.49556 -0.457551 0.624223 -0.0410392 0
train-0491.jpg 902.577 0.889026 0.254957 -0.338714 -0.172927 -2.54027 -0.448639 0.687492 -0.0398503 0
train-0490.jpg 901.914 0.885618 0.253249 -0.346719 -0.177006 -2.58765 -0.450206 0.745304 -0.040842 0
train-0489.jpg 900.967 0.88209 0.25168 -0.354502 -0.18139 -2.62748 -0.438639 0.8074 -0.0386969 0
train-0488.jpg 901.716 0.8785 0.249832 -0.362389 -0.185729 -2.675 -0.421207 0.854747 -0.0353418 0
train-0487.jpg 899.593 0.875024 0.247713 -0.370075 -0.18978 -2.72073 -0.404881 0.899095 -0.0369523 0
train-0486.jpg 899.736 0.871349 0.245715 -0.377858 -0.193904 -2.76233 -0.390523 0.942076 -0.0319395 0
train-0485.jpg 900.75 0.867719 0.24388 -0.385185 -0.198039 -2.80257 -0.376538 0.98122 -0.0336114 0
train-0484.jpg 899.021 0.864067 0.241626 -0.393023 -0.201341 -2.84875 -0.364041 1.02367 -0.0327991 0
train-0483.jpg 902.105 0.860479 0.238866 -0.400773 -0.204693 -2.88845 -0.370063 1.06187 -0.0307755 0
train-0482.jpg 902.316 0.856637 0.236935 -0.40819 -0.208364 -2.91903 -0.379318 1.10473 -0.0325543 0
train-0481.jpg 903.067 0.852893 0.234813 -0.415362 -0.211923 -2.94272 -0.381742 1.15199 -0.0321235 0
train-0480.jpg 902.381 0.849031 0.232924 -0.42244 -0.215492 -2.9693 -0.382988 1.19935 -0.0326279 0
train-0479.jpg 902.528 0.84508 0.230985 -0.429584 -0.21896 -2.99947 -0.385682 1.24434 -0.0311964 0
train-0478.jpg 901.881 0.840997 0.22921 -0.436785 -0.222275 -3.03172 -0.39517 1.28763 -0.0339607 0
train-0477.jpg 903.695 0.836865 0.227329 -0.444043 -0.225398 -3.06235 -0.406381 1.33012 -0.0319198 0
train-0476.jpg 905.858 0.83275 0.225495 -0.451262 -0.228128 -3.09793 -0.424597 1.36932 -0.0323632 0
train-0475.jpg 906.111 0.828369 0.223915 -0.458436 -0.231307 -3.1265 -0.443896 1.41188 -0.0314233 0
train-0474.jpg 907.73 0.824085 0.22252 -0.465233 -0.234365 -3.14602 -0.46119 1.45734 -0.0299833 0
train-0472.jpg 907.104 0.815241 0.219837 -0.478666 -0.240691 -3.18271 -0.496349 1.55177 -0.0289276 0
train-0473.jpg 907.669 0.819737 0.221172 -0.47192 -0.237498 -3.1608 -0.478007 1.50673 -0.0285548 0
train-0471.jpg 909.39 0.810748 0.218562 -0.485236 -0.243854 -3.20558 -0.513776 1.59552 -0.0264428 0
train-0470.jpg 908.053 0.806445 0.217533 -0.491147 -0.247185 -3.21599 -0.5207 1.64271 -0.0255361 0
train-0469.jpg 909.297 0.801878 0.216512 -0.49755 -0.250116 -3.2444 -0.537053 1.68402 -0.0256904 0
train-0468.jpg 910.269 0.797473 0.215173 -0.503617 -0.253194 -3.26565 -0.549834 1.72392 -0.0251993 0
train-0467.jpg 909.52 0.793034 0.214547 -0.509259 -0.256363 -3.27836 -0.56317 1.76773 -0.0272209 0
train-0466.jpg 908.719 0.788676 0.213626 -0.514838 -0.259415 -3.29055 -0.570232 1.81162 -0.0275008 0
train-0465.jpg 910.356 0.784209 0.212878 -0.520497 -0.262262 -3.30923 -0.580528 1.85603 -0.0253425 0
train-0464.jpg 909.125 0.779906 0.212006 -0.525761 -0.265283 -3.3181 -0.589213 1.90106 -0.0282544 0
train-0463.jpg 909.474 0.775525 0.211288 -0.531041 -0.268169 -3.32911 -0.603551 1.94362 -0.0292653 0
train-0462.jpg 910.769 0.771318 0.210586 -0.535947 -0.271078 -3.33349 -0.613318 1.98824 -0.0255316 0
train-0461.jpg 909.506 0.767009 0.210103 -0.54086 -0.273907 -3.33965 -0.624769 2.03231 -0.0283262 0
train-0460.jpg 909.771 0.762663 0.209587 -0.545695 -0.276832 -3.34735 -0.638804 2.07393 -0.0286214 0
train-0459.jpg 910.013 0.758463 0.209144 -0.550221 -0.279731 -3.34994 -0.652496 2.11598 -0.0297006 0
train-0458.jpg 909.26 0.75434 0.208747 -0.554528 -0.282656 -3.34694 -0.659321 2.1607 -0.029136 0
train-0457.jpg 909.914 0.750287 0.208603 -0.558625 -0.28547 -3.34623 -0.663697 2.20444 -0.0248896 0
train-0456.jpg 910.423 0.746318 0.207926 -0.562865 -0.288026 -3.35246 -0.668015 2.2466 -0.0247099 0
train-0455.jpg 908.719 0.742246 0.207662 -0.56695 -0.290716 -3.35238 -0.673805 2.28779 -0.0283413 0
train-0454.jpg 909.303 0.738203 0.207631 -0.570931 -0.293232 -3.35706 -0.678394 2.3286 -0.0262404 0
train-0453.jpg 909.056 0.734202 0.207389 -0.574958 -0.295569 -3.36044 -0.680119 2.36944 -0.0273812 0
train-0452.jpg 908.741 0.730199 0.207365 -0.578822 -0.297949 -3.36069 -0.682634 2.40842 -0.0296464 0
train-0451.jpg 908.815 0.726276 0.207394 -0.582576 -0.300195 -3.36126 -0.685433 2.44475 -0.0308907 0
train-0450.jpg 908.424 0.722449 0.207231 -0.586391 -0.302106 -3.36196 -0.686027 2.48173 -0.0316886 0
train-0449.jpg 909.818 0.718345 0.207561 -0.59029 -0.304068 -3.36221 -0.690392 2.5216 -0.0317602 0
train-0448.jpg 909.769 0.714583 0.207599 -0.593822 -0.306022 -3.35051 -0.685438 2.56323 -0.0327785 0
train-0446.jpg 910.488 0.706766 0.208278 -0.601035 -0.309612 -3.33271 -0.684481 2.65258 -0.028877 0
train-0447.jpg 910.05 0.710669 0.207934 -0.597456 -0.307831 -3.34264 -0.686066 2.607 -0.031819 0
train-0445.jpg 908.946 0.702914 0.208694 -0.604484 -0.31138 -3.32055 -0.679993 2.69827 -0.0332205 0
train-0444.jpg 909.596 0.699014 0.208982 -0.608134 -0.312855 -3.31111 -0.676755 2.74527 -0.0343547 0
train-0443.jpg 909.707 0.695302 0.209521 -0.611409 -0.314379 -3.29664 -0.670258 2.79189 -0.0348013 0
train-0442.jpg 909.695 0.691366 0.209963 -0.614987 -0.315785 -3.28915 -0.666904 2.83835 -0.0346532 0
train-0440.jpg 910.31 0.683574 0.21123 -0.621864 -0.318424 -3.26721 -0.663544 2.92558 -0.039594 0
train-0441.jpg 910.038 0.687421 0.210506 -0.618539 -0.317095 -3.28164 -0.665151 2.88255 -0.0365321 0
train-0439.jpg 908.655 0.679793 0.212075 -0.625058 -0.319699 -3.2546 -0.660681 2.96804 -0.0392418 0
train-0438.jpg 908.996 0.676167 0.212428 -0.628437 -0.32053 -3.25374 -0.668486 3.00905 -0.0431265 0
train-0437.jpg 908.652 0.672278 0.213067 -0.63181 -0.321654 -3.24505 -0.683215 3.04902 -0.0454265 0
train-0363.jpg 920.425 0.737112 0.30992 -0.574121 -0.176071 -3.6156 -0.746852 2.32286 -0.058237 0
train-0364.jpg 919.026 0.732712 0.30885 -0.578751 -0.181084 -3.6077 -0.741731 2.3688 -0.061214 0
train-0365.jpg 921.168 0.728638 0.307127 -0.58333 -0.185705 -3.61031 -0.731612 2.4118 -0.0627876 0
train-0366.jpg 921.056 0.724667 0.305913 -0.587334 -0.190562 -3.60733 -0.718398 2.45275 -0.0627632 0
train-0367.jpg 918.81 0.720687 0.305038 -0.591144 -0.195222 -3.58709 -0.7039 2.49204 -0.057546 0
train-0368.jpg 919.328 0.716464 0.303889 -0.595401 -0.199572 -3.57444 -0.700657 2.52787 -0.054763 0
train-0369.jpg 920.06 0.712079 0.30218 -0.600011 -0.204004 -3.57329 -0.701482 2.56553 -0.0598898 0
train-0370.jpg 919.624 0.707929 0.300692 -0.604108 -0.208504 -3.57666 -0.707191 2.59889 -0.0628996 0
train-0371.jpg 918.6 0.703883 0.299328 -0.607949 -0.212953 -3.56762 -0.709264 2.62869 -0.0563787 0
train-0372.jpg 917.295 0.699862 0.297687 -0.611851 -0.217288 -3.54868 -0.712103 2.65629 -0.052883 0
train-0373.jpg 918.737 0.695719 0.296103 -0.615879 -0.221341 -3.54147 -0.722605 2.68474 -0.0540321 0
train-0374.jpg 919.117 0.691543 0.294384 -0.619895 -0.225468 -3.53456 -0.72954 2.71842 -0.0563839 0
train-0362.jpg 920.383 0.741197 0.310582 -0.570025 -0.170989 -3.62725 -0.75953 2.27906 -0.0572745 0
train-0361.jpg 920.181 0.744975 0.311814 -0.565932 -0.165847 -3.63077 -0.775977 2.23377 -0.0604445 0
train-0375.jpg 919.094 0.687325 0.292919 -0.623773 -0.229544 -3.52659 -0.738685 2.75521 -0.0578839 0
train-0376.jpg 917.108 0.683373 0.29129 -0.627347 -0.233641 -3.50409 -0.739914 2.78871 -0.0553822 0
train-0377.jpg 917.802 0.679261 0.289317 -0.631247 -0.237544 -3.4907 -0.746847 2.8237 -0.0549974 0
train-0378.jpg 917.897 0.675239 0.287588 -0.634878 -0.241404 -3.47824 -0.751747 2.86101 -0.0570306 0
train-0379.jpg 917.336 0.671327 0.285969 -0.638327 -0.245116 -3.45773 -0.750738 2.89704 -0.055745 0
train-0357.jpg 919.794 0.761046 0.316603 -0.547492 -0.144306 -3.62171 -0.784176 2.05613 -0.0535163 0
train-0356.jpg 920.935 0.764789 0.317588 -0.543111 -0.138804 -3.61975 -0.778542 2.01392 -0.0508815 0
train-0355.jpg 919.82 0.768564 0.31853 -0.538635 -0.133116 -3.61108 -0.767819 1.97372 -0.0503735 0
train-0358.jpg 918.316 0.757255 0.315742 -0.551755 -0.149792 -3.6101 -0.77603 2.10226 -0.0552581 0
train-0359.jpg 917.862 0.753488 0.314741 -0.555977 -0.155186 -3.6013 -0.766728 2.14421 -0.0582506 0
train-0354.jpg 920.036 0.772182 0.319847 -0.534119 -0.12708 -3.60766 -0.755315 1.935 -0.0496984 0
train-0353.jpg 919.892 0.77617 0.320664 -0.529169 -0.121307 -3.59564 -0.727716 1.894 -0.0482799 0
train-0360.jpg 920.477 0.749147 0.313546 -0.561029 -0.160356 -3.61709 -0.775111 2.188 -0.0605149 0
train-0352.jpg 918.864 0.779828 0.321533 -0.524563 -0.115405 -3.59163 -0.715704 1.85205 -0.0503655 0
train-0351.jpg 919.015 0.783128 0.322511 -0.520305 -0.109459 -3.59917 -0.714255 1.80611 -0.0516132 0
train-0350.jpg 919.647 0.7867 0.323181 -0.515684 -0.103573 -3.59769 -0.70891 1.75605 -0.045989 0
train-0349.jpg 919.401 0.790057 0.323977 -0.511233 -0.0974148 -3.59189 -0.708106 1.71239 -0.0448296 0
train-0348.jpg 919.281 0.793167 0.325484 -0.506629 -0.0909583 -3.58871 -0.71228 1.67128 -0.0471875 0
train-0380.jpg 918.108 0.667115 0.284179 -0.641999 -0.249071 -3.4495 -0.759436 2.93742 -0.0594063 0
train-0381.jpg 916.587 0.663324 0.282338 -0.645273 -0.252802 -3.43446 -0.757372 2.97507 -0.0589666 0
train-0382.jpg 917.88 0.659335 0.280607 -0.64867 -0.256446 -3.42259 -0.75945 3.01524 -0.057953 0
train-0383.jpg 916.499 0.655606 0.278887 -0.651722 -0.260118 -3.40262 -0.75498 3.05277 -0.0573625 0
train-0436.jpg 907.762 0.66868 0.213989 -0.634685 -0.322879 -3.23239 -0.692628 3.08738 -0.0435115 0
train-0435.jpg 910.07 0.665026 0.214513 -0.6379 -0.323741 -3.23527 -0.705777 3.12904 -0.0441806 0
train-0346.jpg 916.622 0.799992 0.326825 -0.49707 -0.0782201 -3.54765 -0.750434 1.53419 -0.0445298 0
train-0345.jpg 916.339 0.802998 0.328155 -0.492354 -0.0713838 -3.53612 -0.768856 1.49809 -0.0390036 0
train-0344.jpg 917.836 0.805968 0.328894 -0.487932 -0.0645495 -3.52227 -0.77743 1.4653 -0.0360513 0
train-0343.jpg 918.68 0.808709 0.330038 -0.48348 -0.0575451 -3.51364 -0.799711 1.42621 -0.0379732 0
train-0342.jpg 917.287 0.811603 0.331095 -0.478647 -0.050735 -3.48761 -0.802751 1.39233 -0.0351591 0
train-0339.jpg 914.023 0.819557 0.334796 -0.464076 -0.0295212 -3.43229 -0.820376 1.27713 -0.0338684 0
train-0338.jpg 913.845 0.821928 0.336401 -0.4591 -0.0222626 -3.42512 -0.827191 1.23879 -0.0328879 0
train-0337.jpg 914.191 0.823981 0.338319 -0.454275 -0.0151253 -3.41869 -0.833751 1.1957 -0.0315374 0
train-0336.jpg 913.817 0.82636 0.339785 -0.44901 -0.00805167 -3.40632 -0.837794 1.15103 -0.0331382 0
train-0335.jpg 914.844 0.828466 0.341583 -0.443807 -0.000669919 -3.39854 -0.843255 1.10992 -0.0302367 0
train-0334.jpg 913.529 0.830848 0.342764 -0.438369 0.00609811 -3.38435 -0.848999 1.06149 -0.0313057 0
train-0341.jpg 915.281 0.814369 0.331887 -0.474067 -0.0437641 -3.46851 -0.808563 1.35688 -0.0367295 0
train-0340.jpg 915.043 0.81696 0.333159 -0.469305 -0.0365171 -3.45417 -0.823738 1.31474 -0.0369297 0
train-0333.jpg 914.833 0.832965 0.34445 -0.432836 0.0133115 -3.375 -0.874904 1.0153 -0.0303589 0
train-0347.jpg 919.861 0.7969 0.325707 -0.501676 -0.0847682 -3.55467 -0.725164 1.57819 -0.0405067 0
train-0331.jpg 914.738 0.837724 0.346556 -0.421152 0.0273454 -3.34624 -0.924662 0.938712 -0.029989 0
train-0332.jpg 914.73 0.835453 0.345638 -0.42678 0.0202974 -3.35624 -0.895253 0.974228 -0.0275622 0
train-0434.jpg 910.165 0.661354 0.215299 -0.640889 -0.324835 -3.2294 -0.714025 3.16869 -0.0452873 0
train-0433.jpg 907.013 0.657534 0.216334 -0.643654 -0.326432 -3.22283 -0.720423 3.20175 -0.0453336 0
train-0432.jpg 908.71 0.65392 0.217273 -0.646443 -0.327555 -3.23244 -0.724096 3.23453 -0.0424294 0
train-0431.jpg 909.027 0.650648 0.218229 -0.649089 -0.328203 -3.23885 -0.717179 3.26773 -0.0410884 0
train-0384.jpg 915.373 0.652069 0.277107 -0.654711 -0.263383 -3.38295 -0.748683 3.08875 -0.059625 0
train-0430.jpg 907.395 0.647267 0.219117 -0.651901 -0.32872 -3.25296 -0.720659 3.30127 -0.0450143 0
train-0429.jpg 908.071 0.643757 0.2202 -0.654757 -0.329214 -3.27053 -0.733426 3.33234 -0.0476542 0
train-0428.jpg 907.532 0.64066 0.221029 -0.657424 -0.329386 -3.28354 -0.74409 3.3583 -0.0519075 0
train-0427.jpg 906.824 0.637392 0.221902 -0.660163 -0.32966 -3.29643 -0.760131 3.38388 -0.0533357 0
train-0426.jpg 908.377 0.63423 0.222971 -0.662762 -0.329822 -3.30547 -0.77658 3.40685 -0.0525981 0
train-0425.jpg 909.384 0.631113 0.224087 -0.66532 -0.329895 -3.30423 -0.785098 3.43 -0.0497378 0
train-0424.jpg 911.078 0.628172 0.225118 -0.667893 -0.329607 -3.30189 -0.793034 3.45326 -0.0515664 0
train-0423.jpg 911.263 0.625141 0.226343 -0.67029 -0.329664 -3.28622 -0.792739 3.47429 -0.0547613 0
train-0422.jpg 911.941 0.622402 0.227556 -0.672513 -0.329486 -3.26816 -0.787476 3.49317 -0.0535395 0
train-0387.jpg 914.153 0.640807 0.272658 -0.663664 -0.273082 -3.31968 -0.725386 3.19883 -0.0641197 0
train-0386.jpg 915.287 0.644554 0.274116 -0.660731 -0.2699 -3.3425 -0.732466 3.16288 -0.0632675 0
train-0385.jpg 916.795 0.648337 0.275661 -0.657779 -0.266454 -3.36618 -0.741625 3.12642 -0.0612541 0
train-0388.jpg 912.774 0.63723 0.271151 -0.666444 -0.276165 -3.29197 -0.714781 3.23324 -0.0651105 0
train-0389.jpg 911.709 0.633652 0.269654 -0.669171 -0.279253 -3.25983 -0.701161 3.26637 -0.0632424 0
train-0421.jpg 911.847 0.619731 0.228712 -0.674763 -0.329118 -3.24957 -0.778607 3.51304 -0.0569446 0
train-0420.jpg 914.296 0.61711 0.229795 -0.677012 -0.328669 -3.23016 -0.770535 3.53007 -0.0529867 0
train-0330.jpg 914.513 0.839813 0.347546 -0.415612 0.0345372 -3.33305 -0.951367 0.906068 -0.0315348 0
train-0321.jpg 917.198 0.853292 0.360561 -0.363621 0.098326 -3.17144 -1.07067 0.753624 -0.0234683 0
train-0320.jpg 916.394 0.854241 0.361784 -0.358175 0.105338 -3.14354 -1.0765 0.735596 -0.0259601 0
train-0322.jpg 915.264 0.852143 0.359591 -0.369059 0.0913364 -3.18886 -1.06777 0.769347 -0.0264832 0
train-0324.jpg 912.454 0.84955 0.356906 -0.380686 0.0772066 -3.22732 -1.06314 0.793201 -0.0281077 0
train-0323.jpg 912.128 0.851143 0.358349 -0.374164 0.0845085 -3.20089 -1.06628 0.780652 -0.0267071 0
train-0319.jpg 917.059 0.855156 0.363012 -0.352686 0.111995 -3.11036 -1.08046 0.722724 -0.026246 0
train-0325.jpg 909.202 0.848588 0.355453 -0.385618 0.0696431 -3.2212 -1.04449 0.81658 -0.0271738 0
train-0327.jpg 914.41 0.845145 0.352544 -0.397902 0.055831 -3.26711 -1.01845 0.846242 -0.0274102 0
train-0328.jpg 913.616 0.843669 0.350567 -0.403653 0.0488944 -3.28881 -0.998493 0.864023 -0.0277912 0
train-0326.jpg 908.407 0.847035 0.353848 -0.39166 0.0626514 -3.23189 -1.02217 0.831788 -0.0362524 0
train-0329.jpg 912.412 0.84179 0.349127 -0.409552 0.0420353 -3.30645 -0.975588 0.883623 -0.0317067 0
train-0318.jpg 916.212 0.856137 0.363916 -0.347363 0.118041 -3.0633 -1.07105 0.717441 -0.0299006 0
train-0317.jpg 916.173 0.857097 0.364927 -0.341935 0.123671 -3.00811 -1.06178 0.712707 -0.0280053 0
train-0313.jpg 911.318 0.860257 0.371141 -0.31889 0.143253 -2.7704 -1.08396 0.680251 -0.0272755 0
train-0314.jpg 913.379 0.859569 0.369562 -0.324585 0.1386 -2.82585 -1.06574 0.698634 -0.0254825 0
train-0316.jpg 912.622 0.857965 0.366532 -0.336075 0.12886 -2.94632 -1.06096 0.711774 -0.029498 0
train-0315.jpg 914.546 0.858659 0.368223 -0.330324 0.134174 -2.89074 -1.06346 0.706604 -0.0297457 0
train-0312.jpg 910.553 0.860875 0.373204 -0.312679 0.1478 -2.71799 -1.10798 0.656993 -0.0265101 0
train-0311.jpg 912.358 0.861745 0.375591 -0.305619 0.151407 -2.67797 -1.14035 0.623479 -0.0301845 0
train-0419.jpg 909.869 0.614656 0.231092 -0.67882 -0.32863 -3.20195 -0.760578 3.54105 -0.0569801 0
train-0394.jpg 914.145 0.616872 0.262235 -0.681786 -0.293033 -3.15235 -0.65096 3.4393 -0.0670002 0
train-0390.jpg 915.337 0.630159 0.267961 -0.67214 -0.281645 -3.24527 -0.694436 3.30355 -0.0631384 0
train-0391.jpg 917.265 0.626636 0.2665 -0.674768 -0.284594 -3.23278 -0.68774 3.33977 -0.0647664 0
train-0392.jpg 913.311 0.62288 0.265099 -0.677448 -0.287764 -3.21199 -0.680014 3.37728 -0.0712184 0
train-0393.jpg 911.084 0.619993 0.2636 -0.679515 -0.290486 -3.1801 -0.662157 3.40754 -0.0707994 0
train-0395.jpg 916.064 0.613806 0.260935 -0.684048 -0.295352 -3.13488 -0.641471 3.47269 -0.0665211 0
train-0396.jpg 916.179 0.610985 0.259881 -0.685899 -0.29783 -3.11396 -0.633234 3.50113 -0.0650735 0
train-0397.jpg 916.146 0.608183 0.258587 -0.687885 -0.300101 -3.09849 -0.628685 3.52864 -0.0646134 0
train-0416.jpg 912.388 0.607823 0.234842 -0.6846 -0.326686 -3.13745 -0.724449 3.5851 -0.0587547 0
train-0415.jpg 910.493 0.605679 0.236214 -0.686126 -0.326476 -3.11452 -0.708976 3.59808 -0.0606648 0
train-0418.jpg 911.061 0.61208 0.232221 -0.681039 -0.328051 -3.18859 -0.754496 3.55706 -0.0563127 0
train-0414.jpg 910.168 0.604044 0.237244 -0.687631 -0.325592 -3.0957 -0.692032 3.61018 -0.0638403 0
train-0413.jpg 907.657 0.602074 0.238679 -0.689045 -0.325202 -3.07319 -0.67923 3.62252 -0.0652093 0
train-0400.jpg 915.64 0.601229 0.255028 -0.692395 -0.306715 -3.05537 -0.609332 3.60657 -0.0701552 0
train-0399.jpg 915.198 0.603346 0.25613 -0.691156 -0.304424 -3.0654 -0.614856 3.58205 -0.0690113 0
train-0398.jpg 914.673 0.60544 0.2575 -0.68966 -0.3025 -3.08019 -0.624033 3.55702 -0.0662566 0
train-0401.jpg 914.84 0.599333 0.253817 -0.693612 -0.308675 -3.04808 -0.608748 3.62931 -0.0716502 0
train-0409.jpg 913.262 0.59588 0.243895 -0.694735 -0.320601 -3.0195 -0.630785 3.66761 -0.0688958 0
train-0408.jpg 914.254 0.595116 0.245084 -0.695404 -0.319662 -3.0073 -0.617734 3.66581 -0.0668724 0
train-0410.jpg 912.131 0.597345 0.242616 -0.693391 -0.321755 -3.02237 -0.635435 3.65849 -0.0631012 0
train-0403.jpg 912.464 0.59637 0.251501 -0.695125 -0.312875 -3.01841 -0.604135 3.64637 -0.0661811 0
train-0402.jpg 914.477 0.597985 0.252694 -0.694327 -0.310595 -3.0349 -0.604652 3.6403 -0.0685171 0
train-0405.jpg 915.466 0.594211 0.249283 -0.6965 -0.315687 -3.0112 -0.608464 3.6612 -0.0659723 0
train-0406.jpg 914.375 0.594011 0.247884 -0.696444 -0.317285 -3.00837 -0.61422 3.66579 -0.0670667 0
train-0404.jpg 912.855 0.595169 0.250268 -0.696123 -0.313931 -3.01481 -0.607998 3.65693 -0.0709655 0
train-0407.jpg 912.583 0.594584 0.246404 -0.696044 -0.318244 -3.00456 -0.612605 3.66685 -0.0713914 0
train-0412.jpg 910.155 0.600113 0.240106 -0.690836 -0.323975 -3.06465 -0.670218 3.63924 -0.0653703 0
train-0417.jpg 913.239 0.609855 0.233605 -0.682841 -0.327467 -3.16681 -0.74056 3.57124 -0.0564032 0
train-0411.jpg 913.04 0.598707 0.2413 -0.692252 -0.322664 -3.04689 -0.65605 3.65039 -0.0678066 0
train-0504.jpg 910.571 0.925668 0.271675 -0.234774 -0.119214 -1.93193 -0.420987 -0.09669 -0.0460841 0
train-0304.jpg 921.798 0.877953 0.39364 -0.227824 0.149474 -2.38268 -1.37475 0.283969 -0.00485468 0
train-0305.jpg 920.304 0.87564 0.391772 -0.23864 0.151068 -2.43749 -1.35194 0.328445 -0.00784428 0
train-0306.jpg 916.14 0.873463 0.38957 -0.249355 0.152049 -2.4808 -1.31878 0.378092 -0.0109102 0
train-0310.jpg 908.462 0.863945 0.378834 -0.294769 0.152299 -2.62447 -1.16819 0.593933 -0.0282295 0
train-0309.jpg 912.38 0.866046 0.382375 -0.283362 0.153166 -2.5963 -1.21563 0.544112 -0.0321348 0
train-0308.jpg 909.768 0.868411 0.385636 -0.271501 0.153081 -2.55231 -1.24923 0.501823 -0.036943 0
train-0307.jpg 915.545 0.870734 0.388027 -0.260421 0.153096 -2.5267 -1.29003 0.437557 -0.0209983 0
train-0598.jpg 929.972 0.979609 0.137785 0.142225 0.0339587 1.13627 1.2481 -0.842253 -0.073227 0
train-0601.jpg 923.772 0.982241 0.123506 0.137767 0.0311354 1.0801 1.33361 -0.954714 -0.0489744 0
train-0600.jpg 924.018 0.981401 0.128499 0.139026 0.0318083 1.08415 1.32183 -0.895172 -0.0555233 0
train-0599.jpg 926.382 0.980419 0.133565 0.140856 0.033143 1.10917 1.2869 -0.867779 -0.0705218 0